1.266919866728252221e-02
1.833571307662049121e-02
5.135166904245720004e-03
1.270939673341299481e-02
9.250980614887709119e-03
-7.165505375895831787e-03
1.147176963126324625e-02
-5.328523339197012432e-03
-3.739317612909193265e-03
2.902251101798741101e-03
1.123654472261798043e-02
-9.888981499323420965e-03
1.677158280101031726e-02
-1.435201988071728267e-02
4.258351108022194118e-03
-4.325695348923554173e-03
8.015652680565714741e-03
-4.723442910794005759e-03
1.076901880047626339e-02
-5.634526676145388754e-03
1.890578179788072674e-02
1.457741567085393125e-02
9.261030578947634581e-03
-5.313044101735778062e-03
1.929608352555833503e-02
-3.311897725924616703e-02
9.269007324110945878e-04
-2.223625730059757347e-03
-1.457744534630640333e-02
3.473848141435260072e-03
9.435923182671931975e-03
-3.645602852532998147e-03
-1.307952517847528646e-02
9.150383517259781663e-03
2.524555257591579172e-02
-2.173686755451043062e-02
6.366652224649223257e-03
-5.841307906614766343e-03
7.764774751080672811e-03
-7.923725175286873944e-04
1.834138596094314275e-02
4.952362476699626904e-03
3.406223193530057754e-03
-9.063237810514409741e-04
1.940701070775473561e-02
-7.790132356130226830e-03
-1.281963620654464481e-02
1.813053159052200464e-02
8.573274896931539976e-03
-1.243394068537447168e-02
3.455297954237753454e-03
2.089385285216661947e-02
1.415995974640867419e-02
1.016153743053967509e-02
-1.163018570222090417e-02
1.301680776610827017e-03
-6.133683682903742253e-03
2.093031786500167135e-02
-1.077403040170207479e-02
-7.802966547787716818e-03
-1.725403981664955623e-03
-7.333902710581068594e-03
1.408431594137345524e-04
-9.770814027709864846e-03
-1.103984001986068296e-02
-1.982840267532997441e-02
-6.392339991908307798e-04
5.817434434706831095e-03
2.698027400876374174e-02
-1.553427188061622284e-02
-9.046319730922343198e-04
1.085284621962009748e-02
6.801296668676750333e-03
7.073528241003337012e-03
3.407838289096609013e-04
2.056309458917082375e-02
7.233111009580952752e-03
-2.594174482184636601e-04
9.509127158517810888e-03
-1.615424333464586179e-02
-6.237630824394709700e-03
-2.368141551775333753e-02
-1.952647686182147277e-02
3.203535174248608140e-03
2.132722327199529019e-02
-1.045196321707131913e-02
1.335467563811260083e-02
5.755101842022599529e-03
-2.126008762206819253e-02
8.517487133546482918e-04
4.062619919635168317e-03
4.174416571143573645e-03
2.053194217630799345e-02
-1.188850380072190190e-02
-1.456345060104919861e-02
-2.279468319568902016e-02
-8.748981829561283674e-03
6.183166758838746536e-03
2.448477950296489014e-02
1.045349286911220754e-02
2.480979464914864980e-04
-2.622534030555916888e-03
-1.284616267490065050e-02
-4.428902675699652666e-03
1.577086680886728709e-02
8.539275953289208673e-03
-5.409129785405582085e-03
7.499759277601276107e-03
-1.117140064974832953e-02
-7.691565398560596019e-03
-8.963445544508268775e-03
-3.476439001573772367e-03
-5.891281662000672111e-03
6.963010786338533729e-03
-1.002432691977624135e-02
-1.021781541942515248e-02
-3.216967096639501787e-03
1.685761407744245516e-03
1.179836650626639276e-02
-4.534068554773789013e-03
-3.112342646985686526e-03
2.926144629977236924e-03
-1.100977687092146362e-03
-1.681341266039974511e-02
-4.831174580774675459e-03
1.557696573219117695e-03
2.188614076305295600e-02
-2.198382307197891891e-02
-3.399743828248803085e-02
8.842847700043846709e-03
2.356538554178948947e-02
7.881941154420984627e-03
-1.733735696330165107e-03
2.503238547496733010e-02
-5.634674632385257113e-03
-1.477062193792582148e-02
-1.615381664817582344e-02
7.309755988664031097e-03
1.852920580472316309e-02
-1.293805994166575407e-02
-1.553265619147823316e-02
-7.537656350255124600e-03
1.757599334816787109e-02
-1.723359005585197584e-02
-1.677691504167100334e-02
-2.490189296924593537e-02
-7.711937139146561116e-04
5.925838393378402014e-03
-6.848939725223899232e-03
-9.949320176314356556e-03
6.750850641404218880e-03
5.350539460323857667e-03
3.090743366658202894e-03
5.523344553217315184e-03
1.614258508933383296e-02
-2.122385370361776560e-02
6.997510243587928662e-03
-1.973445158600025361e-03
-2.795800474489346446e-03
1.795977747130776334e-02
1.082520563278355566e-02
-1.333122721919414826e-02
-1.275991727543277290e-02
1.704988157708807331e-03
6.777523682571020246e-03
-9.518506150583633599e-03
-1.776382297721704889e-02
1.094437511538602897e-03
1.693233542274386353e-03
-6.442091145304064403e-03
-1.645328319072401739e-04
-5.243582351461098176e-03
-8.051888313736542055e-03
-1.024345215432833148e-02
2.797190983293563072e-03
-7.992082169810796680e-03
-7.963645121058036958e-03
-3.664382969744435677e-03
7.865110798850794352e-03
5.415225055877061731e-03
-1.500753450452579213e-02
1.513090663150201687e-02
-7.989729006083971102e-03
-3.156772762978993317e-03
-2.099224667924380963e-02
-1.149399569955248182e-02
-5.803789010625132888e-03
1.734296940957144595e-02
-3.408825154005933750e-02
-1.051408370432424869e-02
-1.078713292076932326e-02
2.938324967605313552e-03
1.824948126180145694e-02
-5.399683620429084584e-03
3.071697821205227486e-03
-1.519974700594433270e-03
-2.495812490879200513e-02
-2.071931035396354023e-02
2.158464231751780482e-02
-2.126662944724582935e-02
1.693564669936723985e-02
-5.515045434777868759e-03
-2.109799489385950910e-02
7.364766378927909037e-03
-6.638103205041751172e-03
9.506305370490830339e-03
1.259024681436213440e-02
-1.293411123302942722e-02
1.337720066437738699e-02
2.220661192915781429e-02
1.429776746573121365e-04
-6.758349504343584557e-03
-3.211500010810607042e-02
-2.375005755246563550e-03
-2.620709651277743470e-04
2.703034958836297852e-02
-7.251663884019005774e-03
1.250368536066889802e-02
1.200306711140605720e-02
-1.232232031425593323e-02
-7.333004077606133063e-03
8.145882712644538989e-03
-8.077816654779967909e-03
-3.419308798958998596e-03
1.241003975075276669e-02
-1.264460739114519998e-02
5.569444459217141527e-03
4.053492036978657669e-03
-1.676900778015563698e-02
2.870916833153898742e-02
-5.474314123393147352e-04
-6.518017791186669213e-03
-8.140247732674773043e-03
-2.454899360305313333e-02
1.468406468392648156e-02
-1.227374258105603556e-02
1.755821676846450055e-03
-6.989295899175919022e-03
-6.426879592109040543e-03
-5.017003617830288580e-03
5.040644225183997691e-03
-7.160437913621406358e-03
9.097879549550293848e-03
1.380247662726239583e-02
-9.821113600706643521e-03
1.583720099036647422e-03
-3.266724216694123079e-03
1.006640015734693548e-02
5.566201289436114620e-03
1.724169470229566098e-02
1.310572520062356326e-02
-5.958655321163646226e-03
-1.449033289740532179e-02
2.041209483225891325e-02
7.359977782484060371e-03
-1.422087213750804907e-02
-2.782255552112321544e-03
1.135438225571278395e-02
-4.688877972024252036e-03
1.880270466504497867e-03
-1.908283651715019305e-02
-1.127741215209069779e-03
7.515458032122807920e-03
4.680959742680841466e-03
-7.541697064476085045e-03
-7.168671771140226051e-03
-6.150623491088164085e-03
-3.359281250548500769e-03
1.424250818344805283e-03
-1.566274741143679552e-02
5.007997533522208326e-03
1.340774301015899145e-02
-2.458074714499486682e-02
-1.282133672362265747e-02
-8.815285835348797908e-03
4.962504229010103809e-03
8.104676877916236130e-03
-2.361389298773656012e-02
2.005956745754789231e-02
5.482415491502353605e-03
-2.141128473306394900e-02
1.047385634832930998e-02
2.664485696773938317e-03
1.089796107933627481e-02
-6.247759715024467884e-03
5.140548384962187987e-03
-4.812420101582047874e-04
6.091599568190936634e-03
1.776126669806787559e-02
3.348652839578121140e-03
-1.906804777279427461e-03
-1.379603844498919832e-02
7.428928189752323670e-03
1.120349342593508117e-03
4.466647224710966653e-03
2.964837652269724719e-02
4.397523098311019452e-03
-9.090163745768731554e-03
-3.660328328388856925e-03
1.683479938530887000e-03
-1.643343956672284377e-03
-4.890653508866870530e-03
-8.224850821798759815e-03
9.431194494814483173e-03
-2.094282762219042138e-02
3.672786141346321732e-03
-3.998646704603405801e-03
4.191067195670845555e-03
1.488573433382141785e-03
-1.266863368450122859e-02
1.829621153618958898e-02
-4.377651740627701293e-03
7.365190408490172869e-03
4.748890773674030517e-04
-1.754788152069890281e-03
-1.846276144564136523e-02
-1.595545332344559808e-02
-7.711682758808886470e-03
3.266817082008785815e-04
1.415883692880043516e-02
-1.721054377714681394e-02
-3.546126057170455141e-03
6.749185521984106539e-03
-4.298154425218411040e-03
3.298762314264009135e-03
-1.137908320618781499e-02
1.868889765958645435e-02
1.611078572985626123e-02
-3.078622254426870153e-02
-1.176375673690572936e-02
4.866011745402552130e-03
-9.694651839129143217e-03
-3.162736801964731448e-02
2.056622583246667246e-02
2.325180855789004807e-03
-1.739131771120061912e-02
5.800456226453078352e-03
-7.641129713434709723e-03
7.607878985929936860e-03
-7.553100422836072671e-03
-4.141117037462920501e-03
3.117672125433196940e-05
-1.585227518419052295e-02
-1.650053997950124210e-02
-2.640163954798092211e-03
-9.249275487292037828e-03
5.133387089008833830e-03
-1.649870029515671703e-03
2.433636216640559530e-03
7.477837477304152998e-03
-8.944599775534878630e-03
-1.578408889339176155e-02
-3.824102802486867118e-03
-2.100331637739769747e-02
-1.349806010633190952e-02
-2.271186180465088397e-02
3.020114669139265656e-03
-1.682109627900229068e-02
-5.302002296432793129e-04
1.495478560702593641e-02
1.115164393781130185e-02
-8.559321328043089164e-03
-1.462672083118535639e-03
-8.824387289271428585e-04
-1.595674193875453242e-02
-5.499513923344629199e-03
-4.329539646153073192e-03
5.576618481700194689e-03
-9.705416551565381605e-03
2.347452801942251019e-02
1.965946766875954071e-02
1.723622930955458210e-02
2.091677761812551703e-02
-4.325618986005707461e-03
-2.711796474292565550e-03
3.055331379346533024e-02
1.734649477066093010e-03
1.367918762601666970e-02
-3.692289253523150031e-03
4.907210013030896198e-03
-2.906994603988997256e-02
3.306466325309063200e-03
1.471150083631059952e-02
-1.473736141222346634e-02
-5.639886707318915449e-03
7.541993674170198274e-03
1.206824521828696144e-02
6.575281919333019962e-03
5.110380603581377024e-03
-4.359644223742511690e-03
5.209266421750394747e-03
-1.942786971174257824e-04
3.163434657515993426e-02
-7.446332164491379670e-03
-6.121813179912741210e-03
-3.101761224741702433e-03
9.715474857819306458e-04
-9.426343607279083145e-03
-2.532731712149378402e-03
-8.862818134280466692e-03
1.012841370973233124e-02
1.797050797060292110e-02
3.247055011071804664e-02
-3.610471840771998543e-03
-1.812503216504882629e-03
1.069080953595286446e-02
3.546357032993679168e-04
5.911901275464632663e-03
-7.648184682613837562e-03
-1.164669069148150521e-02
7.300593601465654378e-03
-1.093313591273493632e-02
-8.443045750361784577e-03
7.700378452039241019e-03
-3.483065161919894192e-03
-2.068735100604263480e-02
-5.287386170259724544e-03
1.233771768779947688e-02
4.046317806518297255e-03
1.742371809266523783e-02
4.934036803868616788e-03
-9.194216644061330157e-03
-7.886187333767219823e-03
-7.972000776255826898e-03
-4.914987908647173130e-03
1.003266305443734074e-02
1.580009945369892019e-02
3.186903968239525927e-03
1.035083091056243979e-02
6.684748253708170697e-03
-8.985564367880371703e-03
8.882507350508918320e-03
7.654182023644606064e-03
1.422727977147023384e-02
-6.005477239749448977e-03
4.791308209562864656e-03
-1.275725668946901641e-02
1.845299288223147677e-02
2.147624042537578382e-03
-7.259348140119384514e-03
-6.526199306474950342e-03
4.044096701627092859e-03
2.874495151843760570e-03
-1.547200946065912901e-02
-4.657511016793174086e-03
-1.364750050401967313e-02
2.016147863447984370e-03
-1.224038969308022425e-02
-2.283453144855975003e-02
5.363442804563256679e-03
1.012174564916101544e-03
5.002470047691069156e-03
3.914877629344629996e-03
-7.669713097451222913e-05
-5.706803832475069657e-03
-5.474756240986438163e-03
-8.536330220952088182e-03
1.348686935675218884e-02
-4.669500359445682459e-03
-1.132279900882761890e-02
2.065226972157026188e-03
4.509575263073132764e-03
-3.163833443187261639e-03
9.615915773127897692e-03
1.972138341125468514e-02
4.840660212453638117e-03
2.365282232924454525e-02
-5.892497481693290302e-03
-1.188819334650996137e-02
-3.983420019987794075e-03
-8.823916816175109493e-03
-3.938975966380576198e-03
2.001073989187738406e-02
1.113228085588572822e-02
1.132129455714241464e-02
1.895152889540301089e-02
-5.860379276009676681e-03
-9.599005224177300719e-03
1.289256492329349073e-02
1.396302851872304775e-02
-1.711577767038348352e-02
-1.157311777740282002e-02
3.630371337063361889e-03
-1.064089064738486627e-02
-7.248115088625760663e-03
1.552212430909962436e-02
2.895200303890232540e-04
1.875274163268681946e-02
4.524341572904441201e-03
-3.022042935506630019e-03
7.760412096536041700e-03
2.841489098946847237e-03
1.031507997504821014e-02
6.824607797953064631e-03
8.751781178170409126e-03
-9.194559319492036711e-03
9.231449936047320462e-03
5.724702048983704595e-04
-2.499405161886598600e-02
9.693582869144455258e-03
-2.810963618055417265e-03
-6.939675700253559966e-04
1.480287980370381673e-02
-2.465874805921720869e-02
-5.197216539873270383e-03
-1.035992343450306899e-02
-6.912744153097281994e-04
-1.518383336395903206e-02
1.186305154399615661e-02
2.730885763484148035e-03
5.048155087301296751e-03
-5.596669974563688726e-03
3.998273630547927778e-04
-1.146182314184309358e-03
5.919357573511811049e-03
-1.118321525446661427e-02
1.746348038152950241e-02
-2.842980942885350686e-03
-1.063670936182759159e-02
-4.603312273095425643e-03
-9.436659597824047230e-03
8.841571256655084881e-04
1.225835026818965050e-02
-5.064256467971655837e-03
-1.010017567983897795e-02
-2.387562983417866754e-04
-4.343599617984225496e-03
-3.416308165472897035e-02
-2.286684317976970388e-02
1.085811779640108617e-02
7.808766370449782800e-03
-1.337057505045719137e-02
-1.553031047916189102e-03
-2.466483208582829611e-03
1.920097437860523721e-04
-1.088034779000750935e-02
1.916712418487710517e-03
-2.501771549660296301e-03
8.027266110174022598e-03
-7.440431991957544705e-03
-9.185438762550110058e-04
1.104872621331683819e-02
5.936391074384742353e-03
-1.629348508469970896e-02
1.065608396240865863e-03
9.299708475210413184e-04
8.058344711619510117e-03
-2.102058369904755229e-03
-7.231115972867564919e-03
1.659699008527958097e-02
-5.068488553944140024e-03
5.589782083238314415e-03
-2.104219300824620997e-02
-3.480830153945691560e-03
7.917343235895617573e-03
-1.102474539362439943e-02
2.219816098154390755e-03
5.822893292266308370e-03
-1.313764778970292688e-02
5.410751162743187952e-03
5.205938688027503258e-03
-1.321667451705788206e-02
-2.190883491366246542e-03
-8.546746280371671223e-03
-9.694063451611613716e-03
-8.887064157158553607e-03
-1.514187186810304897e-02
-1.040103433978321716e-02
-1.309149908282012699e-02
1.677459849203724943e-02
-1.558828984742276214e-02
-9.521396171099385207e-04
1.818145733972715422e-02
-1.650217535366231428e-03
2.509771006555394993e-02
4.164628233193110735e-03
-1.250733780103437283e-02
1.166567278448705884e-02
-1.532574460592670169e-02
-1.044691129007838852e-03
-2.174367798996568093e-03
-8.059033374289007942e-03
-4.038205977854921066e-04
1.171176494646534658e-02
-1.457880899889763861e-02
8.497723562525763162e-04
1.529607733900503232e-02
-1.050564630480188034e-02
9.782154951704438717e-03
2.240133909433600010e-02
1.597150859968127917e-02
2.889464839493334145e-02
2.041289251550063022e-02
5.762676914572185775e-03
-7.167928305829751774e-03
9.957487296499620971e-03
4.487402850783456416e-03
3.117270029659291626e-03
9.157663064385743179e-03
7.795415055769367406e-03
5.032965782674590424e-03
2.105997345385007130e-03
-1.148263885944236003e-03
9.025095739577855894e-03
2.616904482750006047e-02
1.296896720345210030e-02
2.951628143630316906e-02
-1.876210820990126607e-02
1.602103085887430708e-02
-1.001479521627221883e-02
-3.726634272188115299e-02
-3.774015560916817256e-03
-1.132923664170825372e-02
-1.689957629609414869e-02
3.062328652466294546e-03
-3.690462833063613574e-03
1.977685758056348803e-02
6.399681081343294026e-03
-6.825170016497952071e-04
8.284570921999176440e-03
5.524297276442949323e-03
-5.832939837668150648e-03
-2.054079433802301000e-02
-3.798254251135799262e-03
-2.916866140047369698e-03
1.580456082034955093e-02
1.699858951658196745e-03
-3.323847262180086668e-03
-7.684671098986442864e-03
1.354544227482995349e-02
2.422971572491733686e-02
4.704522420420096350e-03
9.970388762608153876e-03
-9.145949172206764913e-04
1.149245149745200222e-02
-2.289357202993011833e-03
-1.227656572694152404e-02
1.498622075208232846e-02
3.607555669820478733e-03
6.397100987799640009e-03
-4.573683471531776561e-03
1.048429874975966057e-03
1.249600145582565637e-02
3.151170750875895328e-03
1.188697591234224790e-02
-1.023214933902217953e-02
2.974395638345409421e-03
-6.008327157616868280e-03
5.608918351158683792e-03
6.830965850801469681e-03
-1.057512742457615909e-02
1.536650359465542570e-02
4.667426156679578726e-03
1.393310116662404381e-03
5.877181114001136207e-03
4.859517415414606190e-03
-7.169483272146048684e-03
1.621385392099965878e-02
1.694224746316791430e-02
9.557606157483437490e-03
2.894947977880569633e-03
7.128122911316853334e-03
-6.687368618659391903e-03
8.910051385319014972e-04
2.378518432204209526e-02
-2.231164215747991064e-02
7.618021348757336372e-03
1.693742355060442323e-02
1.411003732772157793e-02
1.032665783368834963e-03
3.160343798957181150e-03
9.086523898853938325e-03
-3.089896346346967734e-02
4.755962335671912004e-03
1.289171562372845537e-03
-1.521743592440597675e-02
4.314135777502319663e-03
1.232205448651639383e-02
1.851316595633207456e-03
2.170381052099366187e-02
-1.531310368837511190e-02
7.931487911199811003e-03
-7.874104883859521856e-03
9.310268297357739142e-03
-7.091865016589385395e-03
-1.229394340522112390e-02
3.221902821212506429e-02
1.124145583721226221e-02
3.342291732266450439e-03
