-1.673522761379435397e-01
2.380468815913160952e-01
-2.180295336149344274e-02
7.049261192937458786e-02
8.992502533424712174e-02
-2.171686013782452851e-01
-3.691259165871280667e-01
-1.005936110687675605e-01
7.789315092977971977e-02
3.049112659293196081e-01
4.359105165444415730e-02
-2.045657480231058700e-01
-2.810668910354724992e-01
-1.132203009334923349e-01
2.335848765323359499e-01
-4.014578172662051081e-01
2.192869614157848257e-01
2.352309308421410006e-01
-6.234327998022329981e-02
2.506039569711150314e-02
4.429587025997980265e-02
-4.681349829599050216e-01
9.514249712198014075e-02
2.674410215551855097e-01
-7.435664854857458594e-02
5.521316029399706699e-02
2.690477200121347279e-01
1.126526975843447492e-01
4.483846076060590824e-01
1.868193766862404903e-01
1.180057335371497221e-02
2.722707066907476547e-01
-1.657103752590929902e-01
2.077531163209306586e-01
-7.880442962022156037e-03
1.469977124479378283e-02
-3.138070295392031417e-02
8.697291750093871787e-02
-1.193370220504103435e-01
2.278325161101427687e-01
-2.574054119848247502e-01
3.750123701924028552e-01
-7.102095226572484321e-02
-2.435784007963071734e-02
-1.506820370043905899e-01
-3.080675648362188879e-01
2.107858479690127851e-01
-8.884977678059284567e-02
-2.639614276904912460e-01
1.799094370979749946e-01
-8.622024648303316940e-02
3.224528111865010427e-01
9.934599969881452441e-02
2.116811037337733570e-01
-4.630745827863457821e-03
1.196249305740478136e-01
-2.235086852291656712e-02
-1.248448237970469082e-01
1.364648839849234019e-01
2.451752546931500742e-01
1.820684877354286635e-01
-1.297863111698876193e-01
7.946361775516466719e-02
4.945900545207372601e-02
-9.995393499069595011e-02
-9.195013505230694231e-03
-5.697525005699977108e-02
2.755441479861116261e-02
2.225925097418006982e-01
1.331827136132218148e-01
-1.754138375952442874e-01
-3.121473650299698144e-01
1.770556286305521310e-01
-1.716144880154029479e-03
1.757766679204154914e-01
3.633159863813933271e-02
-2.545481386268056423e-01
-9.441407882963859244e-02
-2.318690450801009217e-01
1.906510671892997777e-01
3.454955546214363848e-01
-2.794473795161763197e-01
2.506346027109542796e-01
3.105883013470132625e-01
-3.161775036170985653e-01
2.442253517870772439e-01
2.978515036460010479e-01
6.820292195146074321e-02
4.046307454395618730e-02
1.434880235886694111e-01
6.266980624221216156e-02
2.423081328413608515e-01
-2.988031608006799789e-02
1.326650940593825882e-03
-1.477900788941151067e-01
7.247219385950605386e-02
1.837965774204915748e-01
2.481396788127623321e-01
-6.317007046942366144e-02
1.341615993230718951e-01
2.363045288523042131e-01
5.976929350518305623e-02
-2.158382467362218726e-01
6.550419251442457513e-02
1.632647031478365596e-01
-7.149281659291166491e-02
-2.738017561808525624e-01
-1.696641706682227857e-01
7.414226123749549646e-02
1.237502084084118187e-01
-3.227739658833183034e-01
-2.476808466984955701e-02
1.727768934333107353e-01
2.832818562656845215e-02
5.018555159174274000e-02
-2.049381640941660698e-01
4.008156479373424230e-01
-8.812660740419746286e-02
2.571353710384852252e-04
-2.100203942007748958e-01
-2.029542824426523173e-01
7.663838128174418896e-02
1.195203759449257712e-02
2.452093795749143712e-01
7.907735991091288663e-02
2.689861902126410853e-01
-5.352899301251340392e-02
1.142036321749935329e-01
2.588322290458422437e-01
3.661218515063782153e-01
2.571997712284490589e-01
-2.273949777898441882e-01
1.856862292006467019e-01
2.480953700680895990e-01
4.456970107875327103e-02
6.747247471026289467e-02
-1.475517575406101907e-02
-4.947572148280918181e-02
-1.390274905370578462e-01
8.947495993293057281e-02
8.222669948419800146e-02
-8.949501256183001185e-02
2.764977096101675635e-01
-3.606711350095385266e-02
-1.603431992582914634e-01
-3.204869050782930273e-01
-1.916297226758622574e-01
1.730063841346169973e-01
-4.023353979409345360e-01
3.387994057534089998e-01
-1.038506014255204390e-01
-9.372551164939627033e-02
-6.090305230496980554e-02
-1.691184242277086469e-01
1.356198493850790075e-02
-1.399717471103991973e-01
-5.365456903947177225e-02
4.903226676774095905e-02
6.833994890784042542e-02
1.932231882367220765e-01
-5.521882883284619237e-02
-2.290548166192505064e-01
9.612627185499308946e-02
-2.600132902017679784e-02
-2.356131665335584879e-01
4.243032100001393331e-03
3.466468581815436434e-03
-2.757744229655799753e-02
-2.681979603926879507e-01
1.550314931713168698e-01
9.877197859758292398e-02
-1.381539008239775490e-01
-2.496116196800415854e-01
-9.781497613244895251e-02
1.538657846546554187e-01
7.879160097123513729e-02
-1.044987308759790096e-01
-7.002172219114966012e-02
-2.156009967688359841e-01
1.044349219704048259e-01
-2.832012367595509450e-01
8.130674387152268812e-02
2.734655424589833156e-02
1.483097100723740069e-01
5.590059086834021918e-02
6.739890897778265388e-02
-2.606211850391095680e-02
-7.018410325916940584e-02
-8.669828176400573572e-02
1.936261073686011414e-01
-6.776505893953894792e-03
-7.090093665143765156e-02
3.159679174118344980e-01
3.151922567147159016e-01
3.040550096025100846e-01
5.401712782799757834e-02
-1.335140213455420777e-01
8.924337412688893023e-02
2.713069692407773029e-02
-3.063751119385464405e-01
2.282645718446109917e-01
-1.085171002532229201e-01
3.837819568998334097e-01
2.863297795887952968e-01
2.354945208084946798e-02
-2.618905645252163628e-01
-2.155998743392723294e-01
-1.457234950583443656e-01
3.873505807521038236e-02
2.664004732141588283e-01
-1.850537780193995882e-02
3.309380157086943552e-01
-1.488290394119630711e-01
-3.353727878386959793e-02
4.485962672647260674e-01
-1.009785015229939936e-01
-2.052455670803174925e-01
9.138032403308689322e-03
4.453809726384366785e-01
-9.411683395258867851e-03
2.093659297466154701e-01
-1.322682912523775456e-01
-6.353061284514283091e-02
-3.659804850996259962e-01
-2.716302648256258001e-01
1.961156181905658602e-01
-1.749470472894228135e-01
9.432575488727598656e-02
1.008807572496061150e-01
-2.919618526461417174e-01
-6.558541602129258630e-02
4.862739293894911136e-02
-3.352815465945900297e-01
-1.948447664688078007e-01
3.363114152055379780e-01
-3.697045424161611304e-01
1.005466534599082779e-01
1.921224656693290567e-01
-2.869298764629226242e-02
-3.181285998604903298e-02
-1.384200548351166571e-01
1.798834724390094009e-01
5.410549619550290151e-02
-7.422936307559480085e-02
-2.204968790392282385e-01
-2.526715893369648747e-01
1.033937192235212243e-01
-2.085780522669060666e-01
-2.621021286458749544e-01
1.966086790636787929e-01
-1.654765198568761697e-01
-2.715272522675985511e-01
-1.075753788616098938e-01
-7.944744600186633143e-03
-3.767646987678195392e-01
-2.435915865619177334e-01
-5.452179893900020724e-02
8.148245527787661979e-02
2.232976642722735161e-01
1.619977207012445464e-01
-2.043581071801147120e-01
2.546702332073806363e-01
2.262003144962270729e-01
2.002004201969593555e-01
-1.066106695617320271e-01
-2.022242693724939644e-01
3.985959613638901389e-01
-3.792636915066457393e-01
2.314304281137497532e-01
1.060199246943937385e-01
-1.313612669402536570e-01
-1.385923015728397420e-02
9.058453725410849089e-02
-6.291015759787640937e-02
2.875285715494187988e-01
1.104636595330732302e-01
-1.757978962729150607e-01
4.775864571593216312e-02
-1.310037920799912887e-02
1.828772976170575659e-01
3.300031891496352926e-02
-3.199356441397148698e-01
2.079240840021120418e-01
2.758275260929390349e-01
3.692020742723883114e-02
-2.143984643548658420e-01
1.462916174694877114e-01
2.427670115721119737e-01
-3.840290624576545575e-01
-1.500937122873405860e-01
-1.052568933615825875e-02
7.776171638005943687e-02
2.711765559372392165e-01
-3.992719374214372813e-02
-4.232065357677696621e-02
-2.451290528955230030e-01
-1.182521139036055297e-01
-1.233556475903350297e-01
4.263783690428115530e-02
1.349346844534427270e-01
1.273968723543426329e-01
2.026389309631894745e-02
-2.498166769769992468e-01
9.065900909353052928e-02
2.346252846548249615e-01
1.393380475623416104e-01
3.179001796420404258e-01
1.384902257434951767e-01
1.758139617095233198e-01
6.685884969239615228e-02
2.372941720853801451e-01
-5.060942540078607749e-02
1.984214912068557879e-01
9.435111742727485262e-02
2.273469230194292284e-02
-2.892521691267658790e-01
-7.295301541635833276e-02
-2.976006409385003049e-01
-1.131212797690901023e-01
8.432787490898852045e-02
-8.495049535300654153e-02
-5.027331140247752461e-02
-4.990983553019377739e-02
-1.185070223969838799e-01
8.242662785740670350e-02
2.966364063033468668e-01
9.296085603872139558e-02
2.224973296069067408e-01
-3.931387298913999184e-01
-7.300527266857681150e-03
1.063887769316102100e-01
4.106745549554505215e-01
-2.244666887031184777e-01
1.253954550327679440e-01
-3.441896169860798188e-02
-8.318847330515596883e-02
-5.978818183533664288e-02
-1.034036850866353469e-01
1.832826316072907330e-02
-1.559603561813046636e-02
-1.035534945929182243e-01
4.920556760934800822e-02
-1.308193846633668722e-01
7.084760201601651708e-02
2.983390280077848900e-01
1.116933599840534419e-01
-4.702512436887548025e-02
1.051830240137200667e-01
-5.935482293314446600e-02
1.599552059689275940e-01
-9.520482650981922090e-02
-2.145197876199934905e-01
1.341752059855246329e-02
2.512527516962319019e-01
-2.897355419099461593e-01
-2.541136341297746681e-01
6.250663718459535667e-02
-2.222731674360774179e-01
3.041844040978607944e-01
-5.545261677001979764e-03
1.984202320778845341e-01
-1.467784569344693542e-02
2.061349946580902093e-01
1.971277479614496619e-01
-1.988198762928258378e-03
-1.984696071365587011e-01
-1.848909166869438028e-02
1.601673786835635660e-01
-3.397139019413945582e-01
7.974297072230165928e-02
-8.113570540703478329e-02
1.835721934501588770e-01
-1.517014427327393888e-01
-1.607474759710568746e-01
2.771075015726822688e-01
2.031154955079632618e-01
7.487101839969589889e-02
7.411610612512552210e-02
4.630251510351148653e-02
2.189914372252023678e-01
2.859443172665542821e-01
-1.192737734831691293e-01
3.804426268934654048e-02
3.007987725886442920e-01
1.322300899565505561e-01
-8.698011347235592994e-02
3.054033707389551822e-01
-5.663792498710262802e-02
-3.040494447402204703e-02
-1.829421116156917937e-01
3.097375705489066045e-01
2.487319066311829713e-03
-4.524483630416561292e-02
-1.558322067167656200e-01
1.838707887063529556e-01
-7.253890071677551732e-02
-5.274284101325091983e-02
-1.314212790138029885e-01
2.832130537648368529e-01
3.938069866430129323e-02
-1.309453569664572326e-01
-2.186675159855731299e-01
-8.509184731100641330e-02
-2.513278931686432349e-01
-1.105633260103215526e-01
2.280186646948317297e-01
-2.874780929681948483e-02
-1.022401605552844400e-01
-8.202204903872070685e-02
-1.590273112616135687e-01
-1.594691804312682246e-02
1.115325576427173282e-01
-1.026996372937129531e-01
4.735259995216541812e-02
2.476335096826352573e-03
1.746305437985905817e-01
1.492488810774927066e-01
1.261219044995390004e-01
-1.003285252975390091e-01
9.301623958440180528e-02
1.499316010340603078e-01
-2.439360980874145102e-01
1.497504368849708611e-01
1.426979884469266879e-01
1.363184500042255165e-01
1.594114219126885612e-01
8.245989986498790392e-02
-9.949157980429419734e-02
1.464985928425504014e-01
1.974602027437713792e-01
3.189603317457776477e-01
-1.971815744161700690e-02
-7.910943690353049174e-02
4.572417909694247440e-01
-1.976256812672790367e-02
-2.490599063864032958e-01
1.500603498744410291e-01
7.639425083390848081e-02
-1.715042696185168150e-02
-2.615957329236210938e-01
1.923415713269992777e-01
1.554269904723233620e-01
1.751287916299103520e-01
5.063020697438458395e-02
-2.746701741009958120e-01
-3.447635437126235214e-01
1.812366118290682504e-01
-2.565929608529582406e-01
5.018502621975617223e-02
-2.589926789834077758e-01
2.845230289999922668e-01
-6.158531666915233183e-02
-8.436302258044794944e-02
4.477770861702454197e-02
-6.406515038788482275e-02
-7.471298560456240967e-02
1.428044558701656030e-01
8.498813797072046761e-02
1.006222858093387545e-01
-5.820233477221741641e-02
-3.692097841736483033e-02
2.062488253274368799e-01
4.977106219563194600e-02
1.191424703883684766e-01
-2.080035017770341388e-01
-1.540143323553251065e-01
1.848640333358457788e-01
-9.438135537432633393e-02
1.285019981778119380e-01
-1.872598209950467052e-01
-4.222487925684999532e-01
-4.932635541995520345e-01
-1.933453864089711149e-02
-2.088793437545337639e-01
1.100515086588179786e-01
-3.215397539698243712e-01
1.038295335409187975e-01
2.478067787139551226e-02
2.265900648424560015e-01
-5.004659047934546107e-02
-1.322383347941354440e-02
6.705984707739955086e-02
8.220984373956671809e-02
3.016322493859059928e-01
1.219591278683770930e-01
1.432052157308825752e-03
1.264555630444807732e-01
-1.112013317182183048e-01
7.248875201958909775e-02
-2.888372053504532563e-02
7.941611100815195931e-03
-1.903915307846670846e-01
-2.776990759686579491e-01
-5.328172813418357787e-03
-7.073117172145501272e-03
2.802404448329225140e-02
-3.457409074564632423e-02
1.579588028653722276e-01
2.792465590091346150e-02
2.850309473934578008e-01
2.629313875855895932e-02
1.236150085162247697e-01
-2.878971300357397456e-01
-7.963248256383904933e-02
1.323741151887380951e-01
-1.525221950359244572e-01
2.748503675787320466e-01
-2.329736341032262736e-01
-2.325753686808462728e-01
-5.946065434792910387e-02
-7.174203846894887382e-02
3.638625414877991737e-01
3.171236335057936451e-02
-5.813584923402208976e-02
1.463371404699612133e-01
2.079602118066733452e-01
1.049081546089166567e-02
-1.128531609417042503e-01
4.613170582219885407e-01
-1.541061083049819480e-01
-6.188860106500162009e-03
3.702691874101733949e-01
2.601815774078979071e-02
-6.728246140004352782e-02
2.134518361525759855e-01
-1.038486669670032753e-01
-1.254047232496188213e-01
4.079477707913806150e-02
1.139007779111344681e-01
1.311418533666491026e-01
3.129576900245650828e-02
-1.788232115499936437e-01
-1.701547265663641839e-01
8.630777950473932092e-02
-1.073627344094323921e-01
-1.880647443912482064e-01
-1.390083497851827415e-02
2.046032618682509796e-01
7.272555886419629356e-02
8.577131965851771123e-02
1.298049108912915361e-01
-2.681795462108846340e-01
-1.524165278423667176e-02
2.060320530014278229e-01
-1.515162299989726569e-01
-1.074452256345606732e-01
1.559406772206053393e-01
6.253483924913086876e-03
-7.538145638523852110e-02
9.666888542417081953e-02
-1.145152245212027464e-01
-1.349029962220410217e-01
-4.779212628594675105e-01
3.490382912198351784e-02
-2.295421640438747024e-01
2.013177440061752199e-01
-8.356058424906012694e-02
2.948474252288531272e-02
-1.197352945873589591e-01
1.159158339829766265e-01
2.548922962007566517e-01
2.099369514445179608e-01
1.076891133230427622e-01
-2.810782744157113225e-02
1.964663200440929236e-01
1.009586593219632435e-02
-2.026767871896646353e-02
4.508393064912758624e-02
6.851014184473903164e-05
-5.408443511663662412e-02
-1.077822643136444186e-01
-1.455122759126467324e-01
4.143689403668527477e-02
-5.685957473942546136e-02
9.064315169461822919e-02
-2.529817354082751768e-01
-1.133596769905871604e-01
1.605988010224660145e-01
1.904201203767100226e-01
-1.882105799070248608e-01
1.072043926289041188e-01
7.366303736766262322e-02
-1.143767455013404155e-01
1.342217875766052448e-01
5.326380658959220527e-02
-3.576611204720927528e-01
4.095195803363554932e-02
2.391533877218310067e-01
-1.648140420059492905e-01
5.246653120908724433e-02
-1.065256279430942810e-01
1.657163568654174968e-01
-1.119900220446344574e-01
-7.954356136668688793e-02
2.115713586870840990e-01
-2.178683949320540936e-01
-8.661375839863162673e-02
-3.521808838965935322e-03
-2.311085769740296031e-02
9.057400652862283852e-02
-8.615504845426878722e-02
4.054036633521131139e-02
1.392335874457454603e-01
3.054349125471577178e-02
-2.690781383396606552e-01
-1.307013014256764791e-02
-1.776468091541831551e-01
7.441188321052805144e-02
2.061094101596512851e-01
-2.404356005857894163e-01
4.059152914342255281e-02
2.172056734729161387e-01
2.014310046259826237e-02
4.364013344608482781e-01
5.950652055972290022e-03
-6.917107009795718520e-02
-7.992581691841872671e-02
-3.112259626789191103e-01
3.157214683721731169e-02
7.376221886311028209e-02
-8.763784850412063843e-02
-3.816621225186976329e-01
2.266059582739597122e-01
-1.348286351278068229e-01
1.585755022630696842e-01
6.089473420048569646e-02
-1.518080772227513586e-01
-7.207550801637252480e-02
-1.079670996572407726e-01
-3.250477122408574476e-02
-1.547547431332172152e-01
1.864319804014309967e-01
1.701467639692910983e-01
9.733668419775796943e-02
-6.981890841014518068e-02
1.114565943788041330e-01
-5.714274801351117844e-02
3.256337401275967436e-02
-1.357363209806801974e-01
1.680576242439122958e-01
-1.281811063099312920e-01
7.994167297487275725e-02
9.754623353111840922e-02
1.889800065120265660e-01
5.157194569893249619e-02
2.348416805179306954e-01
-3.561287927706124901e-02
-5.230008764080387729e-02
1.022610855021139492e-01
-3.011292034457899169e-01
-1.510149303357722073e-01
7.494874485734571989e-02
2.567253944186448367e-02
8.155309304577586238e-02
4.739713470228610476e-02
-7.805955993290761286e-02
-4.576808756564075265e-01
1.135859242824002469e-01
-2.157379610094299072e-01
-4.715294786778814751e-02
2.668917843165148351e-01
5.193766193367000544e-02
2.077191641279544365e-01
-2.467734473997147959e-01
8.680317337516330316e-04
2.903626720152518437e-01
1.164730149145540017e-01
-1.537660833706974983e-01
3.972778804788214269e-02
-1.562508109982199411e-01
8.269607442597855240e-02
-1.591210245485184804e-01
-8.595211284888300274e-02
4.592594510008064512e-01
-2.958189114290919464e-01
-1.522121195544628297e-02
8.524271929355337063e-02
-1.208064997171291732e-01
-1.000844090653619234e-01
1.713224556627825912e-01
8.692831981100755667e-02
-1.111377622923280795e-01
2.765700849323301513e-01
1.589306132038676711e-01
1.328516182329034789e-01
1.641381169119991434e-01
1.150399719335035674e-02
1.588796921130503914e-01
-2.612455209585609617e-01
