1.173157557616868046e-01
1.563135412367108387e-02
-6.999305181187584490e-02
-1.492500012768594071e-02
6.047098792446324589e-02
1.280329442071381496e-01
1.947150455174765163e-02
-8.857509902865381979e-02
-2.542834427801501148e-03
4.275304347653044457e-02
-5.835414338862107003e-02
-9.280534341694278433e-02
-1.126231455519142999e-01
1.078744511977570014e-01
-2.636071030680843530e-02
5.156483870251436785e-02
-2.792569602681721150e-02
-1.493304700128270379e-01
-4.766488976193341588e-03
9.698955686032403878e-02
4.983486988629128728e-02
-9.311508951173594340e-02
-1.295739160163500159e-01
-7.351152565697122165e-02
1.228828087678591890e-01
-2.618829459684688180e-02
-6.664149031440598503e-02
-1.379675374844709645e-01
8.413901536318151020e-02
-6.090529217998163353e-02
-5.867934427891326188e-02
-1.034474736313063803e-02
4.618934543536751952e-02
3.179881672170813828e-02
-6.082793888826881074e-02
1.953960340759734737e-02
1.098417854892340811e-01
-1.540790246008846842e-01
3.967955726012740991e-02
-1.172392148194655176e-01
-6.175123379626899084e-02
-8.525740304933160374e-02
-7.374467313002021351e-02
-2.439976017382324003e-02
-1.255610905599203846e-02
7.808156763109914966e-02
-1.468780416025399493e-01
7.589757460622254676e-03
8.842682847157459780e-03
3.129657458927193742e-02
5.276068571028641983e-03
-2.372685490508185183e-02
7.099145615910740226e-02
-1.128773210114759479e-01
1.314604817444858798e-02
1.672436176946374142e-01
-1.897335998089428322e-01
-1.186069032940962817e-02
-9.702134014473819124e-03
-4.349113363936227966e-02
1.010918694137271923e-01
1.738457212914982022e-02
8.109694569823897026e-02
-9.469158446728086903e-03
-9.903855845000296421e-02
2.068632657075760439e-01
3.252242836950847843e-02
-1.042669371382868790e-02
-2.923457983366226434e-02
-1.518182862355251794e-01
1.527455459287955786e-01
5.005258843523770207e-02
1.743263192213127810e-02
8.655667514617125524e-02
9.540878883340704608e-02
-1.356110188826125107e-01
8.334484693409058981e-03
9.074483351431304745e-02
5.507412468918906207e-02
-4.271064386284465636e-02
-2.851216892000591613e-02
9.049211068581618223e-02
1.414149131672688513e-02
2.953655595586880678e-02
5.039157838371929876e-02
-1.316842043672106222e-02
-8.017444593108381812e-02
-1.052836091504622505e-02
5.955418481878694582e-03
-1.070410909381606240e-01
-2.040971882858041639e-02
-1.705975716555936939e-01
-3.148426919168739041e-02
9.027894568381608642e-02
1.075985749383567142e-03
6.290261113622289124e-02
-7.201185398102452617e-02
1.429571685180904938e-04
-2.152437175613930789e-02
-4.609036467033423429e-02
-6.069363240467869069e-02
9.274891841065360798e-02
7.955501350857549503e-02
-3.853494229535980864e-02
-6.535817204429274045e-03
9.842174448440647871e-02
1.251761023569869513e-01
-6.382842708219367556e-02
-5.359930222818819201e-02
1.470740198946023092e-01
-2.284855824186581355e-02
5.413194669217313154e-02
-4.183970270418549409e-02
9.775009282425500823e-02
5.039192256113702445e-02
1.481703368973834034e-01
-1.112378444492089780e-01
-1.624222740774593776e-01
-1.262539939802957145e-01
8.921601717985436220e-02
5.108199589513852390e-02
-3.297810325118704505e-03
2.847112460381917912e-02
-1.354277454486726984e-01
-2.948917022328420914e-02
8.191817283686525508e-02
-1.512410928953760239e-02
-3.255715010770142762e-03
-1.864775709375073032e-01
1.635606430542764153e-02
-1.139729017316125220e-01
-2.882632668474628072e-03
-8.621681689100403612e-02
-2.169338835710430125e-01
9.509361565564039553e-02
-5.398909107718537215e-02
1.879610422730891572e-02
-1.862971088687138954e-01
-5.454745257503360034e-02
9.809825333789083668e-02
3.978317704856323272e-02
9.566454727529258295e-02
-7.122773554305053545e-02
-8.200395106403995937e-02
5.801121311700030425e-02
-1.290727855932603529e-01
-5.066512652801010569e-02
-5.548405366462656058e-02
8.241202123721960704e-02
1.540426025000137325e-02
-6.513666918771200687e-02
-1.989387008398408319e-01
-5.241085313455839945e-02
7.046253162477458289e-03
-5.796704797966346391e-03
9.862078022957471157e-02
1.265665844021118536e-01
8.843306592419636347e-02
1.974130591118725478e-02
1.128504969630737265e-01
-3.809809459206908028e-02
7.252752280079540620e-03
-1.199003096897056364e-01
-8.844897588011310652e-02
2.519311991290701033e-02
1.626528610183187312e-02
-3.084887536972708320e-05
2.304227701945390713e-02
1.284384446135894246e-02
5.117569983825395741e-02
4.064179454160374294e-02
5.460434214078867254e-02
-2.002476519721787807e-01
-6.216200532233053661e-02
-3.666047645454327542e-02
4.006961356089690229e-02
-3.256775135908610008e-02
3.875126771745557308e-02
4.421637305854969613e-02
1.566436366152286833e-02
1.783820705997117839e-01
-4.668380162288630203e-02
2.514493327548028914e-02
-2.892962367496154305e-02
-5.099062567746370789e-02
-2.542447476924126690e-02
1.365220941402541799e-01
3.887216619548683472e-02
-4.051342299364655425e-02
-7.784970137944362961e-03
-1.797538709475553220e-01
-3.291671723888636020e-02
2.093756886291598951e-01
-1.104777888888753973e-01
-4.431865987961997044e-02
4.165240202443848405e-02
-1.113698241953547663e-01
-1.719805720324095455e-01
1.498040632582638143e-01
-1.778901872871667678e-01
1.345219900190652851e-01
1.228372126334205047e-02
-1.888502430443171620e-02
4.588453330171132077e-02
-4.101336745608474138e-02
1.026125210008881350e-01
-1.506556546159429633e-01
1.338856486223404807e-01
-1.248533709704891664e-01
-8.926160440325099990e-03
-8.273188106967267752e-02
1.964692370841501778e-02
1.425790968200809639e-01
2.073398684687940974e-02
-1.525819238473990758e-01
1.994476053251810488e-02
-9.504104275076727393e-02
4.582655432257394523e-02
7.581877178228221825e-02
2.921443980796341669e-02
-2.813922432033610574e-02
7.612565888799132340e-03
-5.584170204387058772e-02
-5.767251840189769468e-02
3.998252641194360857e-02
1.098540704154515185e-01
1.650756978780494322e-01
-2.075677963466144443e-02
1.049948068349914193e-01
4.310159906699667642e-02
-9.463317944615351474e-02
1.319751738125970672e-02
8.496571419799246738e-02
-9.160217808165260767e-02
7.462188525664172067e-02
-8.912854141251185663e-03
3.938650189659650101e-03
2.310134893426776248e-01
1.665895309139861849e-02
1.130165656114274497e-01
-1.522736115988627958e-01
6.650967446482292794e-03
2.305551192008343381e-02
1.417648857435430676e-01
1.290132644560072206e-01
-2.594675705997478987e-02
-6.280652006781095587e-02
-9.255374304278103648e-02
7.021677205709364600e-02
8.877282199200854651e-02
1.308204314878837204e-01
-2.227541002742647672e-02
-2.078073854421251532e-01
1.218096743889143935e-01
-1.025049334341259361e-01
1.626259800629782371e-01
-6.265562970051902214e-02
8.401641340851023765e-02
6.389983493098119749e-04
-1.333423595667379002e-01
7.892805877312182583e-02
-2.266415794845511034e-02
-4.925701570108503152e-02
1.208165349404302820e-02
-1.038267846830619734e-01
1.119708283587585174e-01
-6.125632429181545463e-02
-1.633297220708093966e-01
-3.117649544868952155e-02
1.233658184354854970e-01
1.064490350257494972e-01
-9.408457174164999715e-02
-7.507607841110071345e-02
2.006454448558005477e-01
-4.182264321038978161e-02
-5.255745289619474792e-02
-4.608039486524759948e-02
-1.603406123885928458e-01
6.740068384992665973e-02
4.136146428958157456e-02
-3.222210867155566455e-02
-2.611865725914387995e-02
-6.820400563218781409e-02
1.002912815172751076e-01
-4.673866265680753918e-02
5.803926913094083900e-03
-6.815849838855789211e-02
5.527525832177357379e-02
9.875086383501910370e-02
-1.676811908072174673e-02
-1.060296918438687896e-01
-9.290148177830052922e-02
-4.075701971262043338e-02
-3.411182547315200209e-02
-8.078962326461831822e-02
-1.343900698163283391e-01
-2.100422106887115392e-01
2.401260958459588285e-02
5.052667553918466226e-02
-4.369882701049159629e-02
-1.237567754743248982e-01
3.378879943137629016e-02
1.150102273321311763e-01
1.772102165500593074e-01
-2.013867123369397945e-03
1.363440758151703291e-01
1.021393853574711214e-01
-7.546861432229122479e-03
-2.450181745445050366e-02
-1.275674621260227126e-01
-9.000937099713993139e-02
-3.670457796476333384e-02
-2.673482707052782584e-02
-4.326416712796481157e-02
-1.816841422221504021e-01
-1.480784913251346341e-02
4.340210961148461546e-04
-7.676632718555767045e-03
-4.240320754301304257e-02
2.100227969530633065e-01
1.669596385169827210e-02
7.161230789146376396e-02
1.378109313165637173e-01
1.946899236418255796e-01
1.442658532406974718e-02
1.875145398713494102e-02
-1.810180467679043947e-01
9.450319578878127458e-02
-6.980531910493299741e-02
4.864364498255214359e-02
1.713020484749767369e-01
3.701134707244473770e-02
1.351287613628459894e-01
-4.000371602786859798e-02
-8.517515149598487920e-03
1.629901478073991772e-01
-1.079424980452776128e-01
8.724997562748405822e-02
-1.260601563776259093e-01
1.097150678824628661e-01
-1.541563963322480774e-02
-1.490960438430786669e-02
1.250000991654386662e-01
-1.176522953644018737e-01
-7.945157505642390372e-02
-8.831578983010537898e-02
-2.399486571049180752e-03
-3.427422481652005887e-02
-6.234750719454724283e-02
-1.292298600771627469e-02
2.781312886138776960e-02
-7.414639691617408435e-02
-1.921479808020054927e-02
-6.615270734444443634e-02
7.634356121936998474e-02
4.020756019175986823e-02
6.534283793927726791e-02
-1.470127333054780383e-01
5.258269244153876421e-02
6.212366208346455088e-02
-1.308312842802255953e-02
1.339365045508496103e-02
-1.717186014590882381e-01
1.084942263178510918e-01
5.276129034636409254e-02
-4.999314433226739740e-02
4.469525774442311729e-03
1.841186987892547144e-01
-5.374324843420660858e-02
-1.601723793040205068e-01
5.757489224166194297e-02
9.860168857933412911e-02
-1.243142969432794315e-01
-1.729414756630805738e-01
-5.439753390454837162e-02
6.634824456380480906e-02
6.874891018662310227e-02
1.055336469400422472e-02
-1.434769930889070177e-01
-1.736578672008221580e-01
-8.159689187059854243e-02
8.476817282502294160e-02
-7.255935313413147680e-02
-5.897747635896530283e-02
1.488553808470214068e-01
3.706129480079296129e-02
2.328699174486984491e-01
8.678383574828740787e-02
-1.311950105958953512e-02
1.253547059252755058e-01
-2.800151181478230736e-03
-1.577798314217722375e-02
1.064564008512077810e-02
-1.445097798120538735e-01
1.461422448774883365e-01
5.097616976963093710e-02
-4.493965694573160558e-02
2.621479066416578657e-02
-1.007109706056046328e-01
-5.822862188345698242e-02
6.285572922307197663e-02
-1.034401145425192792e-01
-6.570702366730621878e-03
-1.177001257267075301e-01
5.760570097227132869e-02
2.236293251118629238e-03
-5.257354672826426017e-02
-1.137006569158398317e-01
2.042397090038390421e-03
1.452867697509813705e-01
1.084922908163208494e-01
-3.152959880943658182e-03
6.058862631737921452e-03
-1.229770192034353692e-02
7.914891023917521029e-02
-1.991992809320445451e-02
4.097183881261113464e-02
3.681805974581036506e-02
-5.029082162798133998e-02
2.060378491249247046e-02
1.431562392980075156e-02
-1.092461859355469550e-01
-1.256751556495680662e-02
-6.960939880963525062e-02
3.304912612572260405e-02
-7.799880590305301176e-02
7.047377267306889799e-03
8.391178273663721376e-02
9.191931578737374403e-03
-1.401693131838618878e-01
8.327743857179331632e-02
-1.129481836649896646e-02
2.669853925842971890e-02
-7.140385938422066925e-02
-6.298874697796633115e-02
-2.177546074603540355e-02
-5.703066554430518548e-02
-1.470471837098372425e-01
1.923037690811467137e-01
3.810715519558705022e-02
1.195284801764937525e-04
-7.418871683633210257e-02
-1.787840312487885483e-02
-2.224536315502565267e-02
5.116882541773258575e-02
2.771463116385799313e-02
-1.006897284480874899e-01
-1.336653073308239348e-01
1.377270502284599074e-01
-3.416058064562663837e-02
1.547523078084363513e-01
3.928519861854101736e-02
6.773323415766462074e-02
1.561429025962373929e-01
1.640489972286847120e-01
-7.509421879018950141e-02
-5.352694409980114643e-02
5.212396802371725701e-02
3.181152720510534160e-02
8.453232258990619997e-05
-3.697877727400541732e-03
-4.034606115106331714e-02
7.081988325322351174e-02
-1.112955413015202094e-01
2.447294867417067546e-02
7.037114220767240989e-03
9.328829119485326782e-02
2.065840406502817903e-02
1.148103771948173236e-02
6.677466802932949252e-03
-1.425404965537394875e-01
9.248880177444769590e-02
1.926599468173365026e-02
-6.228657100762974991e-02
-1.650236009731340103e-01
-5.144345844303554321e-02
1.563114644176000489e-01
1.111228535277103274e-01
-3.529659785311603515e-02
4.711167759225637353e-02
-5.927946222272296312e-02
-1.986859296595279087e-02
1.443716127529102479e-02
-1.515900437466358719e-01
1.551738951163586511e-02
7.306763204290038505e-02
-4.096038154764975597e-02
5.921685838757315828e-02
-1.426118695658901980e-01
-1.380335133256652691e-01
8.017207134566033816e-03
-7.141604822758466919e-02
-6.002704704170593042e-02
-6.041425329703121148e-03
-1.650199241256177229e-01
2.556778533283378743e-02
5.405232120353417602e-02
-4.135772108674296010e-02
-1.395320455037923624e-01
1.742712801755903415e-02
-1.226190893996391834e-01
2.426002179079667434e-02
-1.656734247227938661e-01
-1.745666028976761500e-02
-8.024044575496076803e-02
-1.627620786552059357e-02
-3.739064758933494798e-02
5.652845524004121436e-02
8.284762056158261057e-02
-1.256846908265345578e-02
5.169888779607281076e-02
-6.575102766599047466e-02
1.692813603527838426e-03
-3.865558842964122305e-02
-9.858888032551665903e-02
-1.278951091722998687e-02
4.314737221703245085e-02
1.185630959050964078e-01
-4.608338551644223374e-02
1.460903538847605583e-03
6.976965264181886339e-02
1.885762840113434091e-01
1.742993092129734023e-01
-2.383491183313033585e-02
1.969955721982234384e-02
-6.522213821036619563e-02
2.317401602226770024e-02
7.072413104290664609e-02
-5.047624883275360352e-02
1.122344095360619104e-01
2.708835723682687102e-02
5.522636271350252896e-02
-9.560145605578966588e-02
7.227586835638495633e-02
-1.541043720293577002e-01
5.277568121752417712e-02
5.251600647084892111e-03
2.440527011303544099e-03
-1.779571400206906087e-02
-1.038303349464184538e-01
7.836212222127013349e-02
6.681111540510367708e-02
6.344612499570653763e-02
9.623851385638927669e-02
3.514038468140405057e-03
2.923376746850991567e-02
8.476589840851543600e-02
-8.307306391169690107e-02
-3.883275800892067864e-02
1.007498352021371675e-02
2.508413217048139493e-02
-3.934174056781848672e-02
7.692185255097699903e-02
-1.409316784432174639e-02
3.175748971176998309e-02
1.313777361115561482e-01
7.681296349990347772e-02
-7.404646397519272505e-02
8.623546513390253909e-02
-9.215749779037891998e-02
1.985666325643601487e-02
6.380369061045350516e-03
5.929345397670164608e-02
-3.037083246776426868e-02
7.001781456447374319e-02
4.551024021556177718e-02
8.571459298616053435e-02
-4.323975240752941929e-02
-1.196365904959103416e-02
-1.030175572838935433e-01
-5.432162947134876879e-02
1.616022201050645868e-01
-4.086727155342919499e-02
-1.222600076029814464e-01
-9.699419780732915219e-02
-4.174213436943172845e-02
6.908568521346340752e-02
1.715806322792717831e-01
2.730671918060319225e-02
-1.079837700961592123e-01
4.377489502950521194e-02
5.678712175476920143e-02
4.349914252627942735e-02
-4.834207526295285218e-02
8.784144306206781438e-02
1.371842148330033526e-02
-1.612906994460134580e-01
1.449154988239151343e-01
-6.819541776113828557e-02
-1.548930765373773139e-02
-9.686697085541494390e-02
1.328042338968525027e-01
1.153518981843605629e-01
-6.339090169694765187e-02
-3.546226166750613557e-02
1.072170255493317265e-01
3.840807609113053300e-02
-1.567677319823691240e-01
4.044685337733411670e-03
8.994625692880357792e-02
-3.285198952870708143e-03
6.192371864297085277e-02
-1.274162310585520187e-02
-1.519864899904943209e-03
1.244919556562897045e-01
-1.407626440781683530e-01
-8.619768233888192022e-02
-5.952266527827148462e-02
-1.899474467256882237e-01
-1.262861701064169617e-01
-9.876071495886475093e-02
-1.923525564642402166e-02
-2.611284859616111453e-02
-5.653469978767846488e-02
-3.438072715531312329e-02
-3.641545765120514366e-02
-2.175885215630904077e-02
1.114307445948318764e-01
1.306800709779861736e-01
-5.928250108819992786e-02
-4.122391295325519150e-02
-7.369801938611650338e-02
9.513534767551563853e-02
5.356122185029757454e-02
1.720011055077928092e-02
-5.919198073266693921e-02
-8.534099132898276263e-02
-7.963030670199822136e-02
4.282892528359268786e-02
-4.823232967026881701e-02
1.693557585727622355e-02
-3.611326921743289453e-02
3.621609872392480417e-02
2.979556502700059228e-02
4.823033751407064529e-02
1.089429985354365207e-03
-5.575679294638560823e-02
2.642545029918636629e-02
-5.978482028333927806e-02
-9.028791199243378640e-02
-3.851171141728499531e-02
2.788761261852657890e-03
-3.955134627717657447e-02
-1.759849160539057530e-02
4.703850538877330650e-02
-6.051230179147125410e-02
-1.555125821031194955e-01
6.551676244613122146e-02
1.605794562531839553e-01
1.141711285411929899e-01
-7.903598684427012855e-02
7.976473227322475323e-02
-1.275221790813183681e-02
-3.193244892354450692e-02
1.704341504603676741e-02
1.222057969951226841e-01
2.980312790590448555e-02
1.842355682627136101e-02
1.999105488923212659e-01
-1.787882658141187742e-02
-1.176524097097058491e-01
2.161403170630712273e-02
6.848245659606273794e-02
1.299243464011854213e-02
-1.807808339060207672e-02
7.280444244866313142e-02
-7.998207929077943978e-02
7.290493120485080913e-02
-3.451127597532738928e-02
-3.939162786949933215e-02
7.561773336579434568e-02
6.641997757604441166e-02
1.432577879699192258e-01
1.712223113785735912e-02
-3.121421332388023273e-02
1.939491814032017619e-02
-6.330025209867604086e-02
1.347497058746530696e-01
-2.535523428190995451e-02
7.501360105596568961e-02
-4.519225100432681941e-02
9.328094069576219061e-02
3.140090250455045140e-02
6.536431816312299192e-02
-2.263455121992955996e-02
1.057767206621623018e-02
4.466490151030570038e-02
-8.410993631534924297e-02
-5.514354619944460134e-02
