9.519674566630271784e-01 4.480000000000000000e+02
9.818262573922087455e-01 4.490000000000000000e+02
9.824500473383398491e-01 4.500000000000000000e+02
9.850649742174709678e-01 4.510000000000000000e+02
9.851867999731362957e-01 4.520000000000000000e+02
9.974084648118298757e-01 4.530000000000000000e+02
9.979943387785010778e-01 4.540000000000000000e+02
1.000416687513819181e+00 4.550000000000000000e+02
1.001345807002697930e+00 4.560000000000000000e+02
1.035204132320462156e+00 4.570000000000000000e+02
1.041421287345523083e+00 4.580000000000000000e+02
1.042897976498335932e+00 4.590000000000000000e+02
1.046070117795284249e+00 4.600000000000000000e+02
1.048478700939751818e+00 4.610000000000000000e+02
1.130705202301283130e+00 4.620000000000000000e+02
1.229433860112001398e+00 4.630000000000000000e+02
1.329813476174732667e+00 4.640000000000000000e+02
1.430057350476961808e+00 4.650000000000000000e+02
1.528765607401483262e+00 4.660000000000000000e+02
1.624790692309260765e+00 4.670000000000000000e+02
1.717205486012347349e+00 4.680000000000000000e+02
1.805291328429521114e+00 4.690000000000000000e+02
1.888519769018001337e+00 4.700000000000000000e+02
1.966524599411612506e+00 4.710000000000000000e+02
2.039068979716770702e+00 4.720000000000000000e+02
2.106014347170662937e+00 4.730000000000000000e+02
2.167295773154276795e+00 4.740000000000000000e+02
2.222904977987446795e+00 4.750000000000000000e+02
2.272880214186324022e+00 4.760000000000000000e+02
2.317301752761640188e+00 4.770000000000000000e+02
2.356291055321786398e+00 4.780000000000000000e+02
2.390011980308824668e+00 4.790000000000000000e+02
2.418675191976340955e+00 4.800000000000000000e+02
2.442545640536698315e+00 4.810000000000000000e+02
2.461941107435551057e+00 4.820000000000000000e+02
2.477242433294797319e+00 4.830000000000000000e+02
2.488911704161183902e+00 4.840000000000000000e+02
2.497475914314615242e+00 4.850000000000000000e+02
2.503550337438839257e+00 4.860000000000000000e+02
2.508076071809542729e+00 4.870000000000000000e+02
2.512223877897722168e+00 4.880000000000000000e+02
2.517218326081088531e+00 4.890000000000000000e+02
2.524276543593818811e+00 4.900000000000000000e+02
2.534348442756878761e+00 4.910000000000000000e+02
2.548071257952805535e+00 4.920000000000000000e+02
2.565559340564830482e+00 4.930000000000000000e+02
2.585927515551715405e+00 4.940000000000000000e+02
2.606932868364204570e+00 4.950000000000000000e+02
2.625437617498084464e+00 4.960000000000000000e+02
2.625469770102395461e+00 4.970000000000000000e+02
2.633887599590249096e+00 5.000000000000000000e+02
2.647114356561615534e+00 5.050000000000000000e+02
