0.000000000000000000e+00
-3.323734607628149984e+00
-3.321690839496445502e+00
-3.320829565399335603e+00
-3.316437158364951898e+00
-3.315169129709256257e+00
-3.312985176711531476e+00
-3.312577092367545273e+00
-3.312562349800597161e+00
-3.312541932887969054e+00
-3.312301095957165042e+00
-3.312158324569156598e+00
-3.312057659250415398e+00
-3.311755481477077545e+00
-3.311426616975918336e+00
-3.310072733391358657e+00
-3.309969145163244697e+00
-3.307087400802820820e+00
-3.299060765691971042e+00
-3.290745760354271354e+00
-3.288251355149532262e+00
-3.274882939810034976e+00
-3.262643239002011697e+00
-3.259126225664915832e+00
-3.246753047977361639e+00
-3.237212118380195403e+00
-3.233664599914120696e+00
-3.229655922719920635e+00
-3.222498312819087829e+00
-3.217549201753148402e+00
-3.214411874893883692e+00
-3.210827050265869786e+00
-3.210179845464563808e+00
-3.207228649071538040e+00
-3.204604155246062458e+00
-3.188294087881200500e+00
-3.188051574001526056e+00
-3.184178863142798299e+00
-3.180029406591167174e+00
-3.178564227168144463e+00
-3.173854995496821818e+00
-3.170211089754327194e+00
-3.161738418506023329e+00
-3.150930286877598352e+00
-3.137540515201189262e+00
-3.133725183906561185e+00
-3.132059138913014795e+00
-3.109039284918610591e+00
-3.107575619022499236e+00
-3.098378932080543269e+00
-3.089659623384576115e+00
-3.088672146382238193e+00
-3.066525765886322308e+00
-3.043527824421868644e+00
-3.036957088416341488e+00
-3.026431529983772073e+00
-3.017728804590270375e+00
-3.013304443188292492e+00
-3.006963160119990874e+00
-3.004870394162798775e+00
-2.995782577408393710e+00
-2.980969425105689741e+00
-2.965071366431458078e+00
-2.961237502418481604e+00
-2.960266865763508726e+00
-2.957477232397456746e+00
-2.954164286326356414e+00
-2.948030351007228322e+00
-2.945167895016726156e+00
-2.943935376194295017e+00
-2.941620846778639997e+00
-2.916145014870093366e+00
-2.910371557561620914e+00
-2.904199838457611982e+00
-2.903979960000822480e+00
-2.899798052831493056e+00
-2.895263992896079941e+00
-2.868969827044306253e+00
-2.840443561592745247e+00
-2.832107754543513156e+00
-2.827717667025201553e+00
-2.826157731969820563e+00
-2.818266934318457206e+00
-2.816715578529230601e+00
-2.805545036264804004e+00
-2.804050943122213368e+00
-2.797938397816412071e+00
-2.792846541943081462e+00
-2.785886428808178383e+00
-2.775579295945697744e+00
-2.775206100556922628e+00
-2.763751931827056030e+00
-2.755855854435280694e+00
-2.741293446820401769e+00
-2.739213423907163047e+00
-2.734816629403251653e+00
-2.732973276972083809e+00
-2.712921506596046584e+00
-2.696803114742106100e+00
-2.695066307373286563e+00
-2.694489417549647214e+00
-2.691362740737744730e+00
-2.660252056217148553e+00
-2.654500755083361252e+00
-2.649758963617979468e+00
-2.636560788242587439e+00
-2.631785184823896895e+00
-2.630493007951563378e+00
-2.604990420870551660e+00
-2.597923664435419777e+00
-2.589058821157283585e+00
-2.586682830588189486e+00
-2.576095263572739213e+00
-2.574188598669008510e+00
-2.458904210622426589e+00
-2.446697113457055650e+00
-2.440997635536123589e+00
-2.414424517232458545e+00
-2.410182882789434711e+00
-2.399586114572704432e+00
-2.370239659407314736e+00
-2.347555756600246291e+00
-2.325334522646431701e+00
-2.289983034611696056e+00
-2.284055880596780774e+00
-2.266022612438444828e+00
-2.252749312538224746e+00
-2.252711764829760988e+00
-2.232369247016651848e+00
-2.223690622469620237e+00
-2.218753927889455912e+00
-2.217019969580224181e+00
-2.202345633307297046e+00
-2.200512826223683494e+00
-2.191311351378752548e+00
-2.163135186056101222e+00
-2.159291627134332092e+00
-2.153785797564260918e+00
-2.141453790132197277e+00
-2.104036853346301861e+00
-2.031570808475167578e+00
-1.948917589891230318e+00
-1.860576235183482474e+00
-1.769790800580075318e+00
-1.679830055283770163e+00
-1.594886795637801002e+00
-1.522127764821554985e+00
-1.520800709645228066e+00
-1.490378390642160156e+00
-1.480419307738985113e+00
-1.458366259598432801e+00
-1.454771830821173006e+00
-1.439857512734031397e+00
-1.434036904611135865e+00
-1.425684638804832538e+00
-1.420823360237851940e+00
-1.413118738574030031e+00
-1.405155006362397874e+00
-1.381407725825363420e+00
-1.367411860920869859e+00
-1.354183311303049253e+00
-1.342265616330132749e+00
-1.323373544254972334e+00
-1.296177428058497227e+00
-1.290548018728462587e+00
-1.290141074879081140e+00
-1.288528145984439544e+00
-1.280685857891275203e+00
-1.265631114082599762e+00
-1.265117722567829395e+00
-1.263930080993026062e+00
-1.246815082662394270e+00
-1.228461974445409721e+00
-1.226516039940073188e+00
-1.225510926008311685e+00
-1.217937722308958248e+00
-1.216051921238887612e+00
-1.209484208954521245e+00
-1.208905569652164891e+00
-1.208531441714977728e+00
-1.208110466804899197e+00
-1.205823345216135323e+00
-1.205198462943922966e+00
-1.203490914099654585e+00
-1.198076386061716292e+00
-1.196929084388665299e+00
-1.195872818451524822e+00
-1.195788330014224021e+00
-1.195653382578574897e+00
-1.195312166683172306e+00
-1.193032233810943810e+00
-1.190761293462289983e+00
-1.186605794546127024e+00
-1.180455560823713501e+00
-1.168609965165749331e+00
-1.165835636214652249e+00
-1.154894644160610273e+00
-1.151460079152137661e+00
-1.149451248695553041e+00
-1.148208771257150262e+00
-1.120988365048369850e+00
-1.115342629543722985e+00
-1.108283411490954773e+00
-1.105945643192927763e+00
-1.098426431203272324e+00
-1.092694607572649135e+00
-1.081568840217772109e+00
-1.062533685917286252e+00
-1.025843459964859150e+00
-1.013855894095271326e+00
-1.013586400301356605e+00
-1.012663208612053278e+00
-1.007375373657028783e+00
-1.003928668073199137e+00
-9.952682525341556286e-01
-9.884082252720067796e-01
-9.859626382616508700e-01
-9.597686297219515383e-01
-9.574024173590106601e-01
-9.558911024245487775e-01
-9.363176550799169329e-01
-9.339014170503325829e-01
-9.320545095807901692e-01
-9.269522817175280816e-01
-9.149231726197580850e-01
-9.081849629743350416e-01
-9.015408502988913053e-01
-8.860601360887793154e-01
-8.818030568774000155e-01
-8.725308504991678982e-01
-8.549364281969122903e-01
-8.497579116931238685e-01
-8.418061518830202150e-01
-8.151778966758578271e-01
-8.148286434488890562e-01
-8.133716947896481031e-01
-8.130862377248179174e-01
-8.124274748564305204e-01
-8.091508774311997332e-01
-7.990992037821389449e-01
-7.836528068248274081e-01
-7.382116339177582365e-01
-7.379140517803810528e-01
-7.288975451811434692e-01
-7.241464258132840337e-01
-7.173233642077911920e-01
-7.097490718866809045e-01
-7.078494474942800263e-01
-7.040628771655838003e-01
-7.030377414802146951e-01
-6.951626421561152291e-01
-6.883827700841825825e-01
-6.873316934489936969e-01
-6.868466585532857493e-01
-6.479698752880184154e-01
-6.375665423256284825e-01
-6.319765276580836533e-01
-6.277973600380568620e-01
-6.231101457492967954e-01
-6.156685655880155261e-01
-5.952571978432598110e-01
-5.914069226748389640e-01
-5.903657111081173081e-01
-5.872353754658579117e-01
-5.783107475787084839e-01
-5.758299914995853586e-01
-5.742419393109655656e-01
-5.711552668053710979e-01
-5.539902623986328045e-01
-5.424937717024096440e-01
-5.325591355562374618e-01
-5.302610439198510717e-01
-5.258254038383115558e-01
-5.229452503770203320e-01
-5.144434981816927710e-01
-4.778370403612022255e-01
-4.707356797625820710e-01
-4.587567574550273641e-01
-4.523002586014319704e-01
-4.508722457674027018e-01
-4.453620029731938934e-01
-4.202632843880026448e-01
-4.126999189051379635e-01
-4.045544567667983538e-01
-4.032813149538345687e-01
-4.004196420261993405e-01
-3.935128975344926450e-01
-3.803472038505096853e-01
-3.728809274855375278e-01
-3.504083227317961180e-01
-3.485076914315827223e-01
-3.474008423635829845e-01
-3.456268118341226381e-01
-3.332549764117813118e-01
-3.261092432124533813e-01
-3.106345538016035412e-01
-3.087607689913345888e-01
-3.060931130376021159e-01
-3.020570599462288341e-01
-2.964995917771043321e-01
-2.958630303135332817e-01
-2.953546110781207212e-01
-2.913846881898676244e-01
-2.817067120354216359e-01
-2.738666551799441851e-01
-2.703273067593401913e-01
-2.602872520427415015e-01
-2.312015426768954940e-01
-2.173908363786186126e-01
-2.131497584252455835e-01
-2.070365162353259569e-01
-2.031742489757439596e-01
-2.018861892968102645e-01
-1.941131754638429074e-01
-1.902426000829833819e-01
-1.886542609226502243e-01
-1.742603077377813947e-01
-1.673683804460526781e-01
-1.623807929503776892e-01
-1.553366991230678007e-01
-1.503776269463696080e-01
-1.453847680038940493e-01
-1.283774470985842298e-01
-1.253400493117207692e-01
-1.057120413131597686e-01
-9.669959661949335816e-02
-9.593740433418110336e-02
-9.558666832075027320e-02
-9.375972547121858014e-02
-7.967417846361368738e-02
-7.620511502880199239e-02
-7.528217759063092485e-02
-7.520026139554962519e-02
-6.507926452422642394e-02
-4.050997384828713965e-02
-3.582623818305209762e-02
-2.593463142677295344e-02
-1.309133993627198053e-02
-1.113658590307211628e-02
-6.811065583444524292e-03
-3.665746639224850244e-03
-3.363609671184857736e-03
-2.806772096412161587e-03
-1.193209426039727348e-03
-1.742354745774393732e-04
6.968120986550009075e-18
1.742354745775801298e-04
1.193209426039858320e-03
2.806772096412211027e-03
3.363609671184914114e-03
3.665746639225110019e-03
6.811065583444407198e-03
1.113658590307229322e-02
1.309133993627199961e-02
2.593463142677299160e-02
3.582623818305215313e-02
4.050997384828710496e-02
6.507926452422607699e-02
7.520026139554979172e-02
7.528217759063061953e-02
7.620511502880190913e-02
7.967417846361347922e-02
9.375972547121849687e-02
9.558666832075012054e-02
9.593740433418082580e-02
9.669959661949298346e-02
1.057120413131596298e-01
1.253400493117207970e-01
1.283774470985840910e-01
1.453847680038941326e-01
1.503776269463693027e-01
1.553366991230678840e-01
1.623807929503777170e-01
1.673683804460525115e-01
1.742603077377811449e-01
1.886542609226500578e-01
1.902426000829831043e-01
1.941131754638427964e-01
2.018861892968100979e-01
2.031742489757439318e-01
2.070365162353256794e-01
2.131497584252455835e-01
2.173908363786188624e-01
2.312015426768954940e-01
2.602872520427414460e-01
2.703273067593398582e-01
2.738666551799441296e-01
2.817067120354215803e-01
2.913846881898673469e-01
2.953546110781207767e-01
2.958630303135332817e-01
2.964995917771043321e-01
3.020570599462289452e-01
3.060931130376019493e-01
3.087607689913350328e-01
3.106345538016033747e-01
3.261092432124531593e-01
3.332549764117810343e-01
3.456268118341225826e-01
3.474008423635833176e-01
3.485076914315826668e-01
3.504083227317958960e-01
3.728809274855373057e-01
3.803472038505095187e-01
3.935128975344922009e-01
4.004196420261993405e-01
4.032813149538345132e-01
4.045544567667982427e-01
4.126999189051379635e-01
4.202632843880025892e-01
4.453620029731941155e-01
4.508722457674028128e-01
4.523002586014321369e-01
4.587567574550269200e-01
4.707356797625820710e-01
4.778370403612019479e-01
5.144434981816925490e-01
5.229452503770201099e-01
5.258254038383112228e-01
5.302610439198507386e-01
5.325591355562372398e-01
5.424937717024095329e-01
5.539902623986325825e-01
5.711552668053707649e-01
5.742419393109656767e-01
5.758299914995853586e-01
5.783107475787085949e-01
5.872353754658578007e-01
5.903657111081170861e-01
5.914069226748388530e-01
5.952571978432595889e-01
6.156685655880155261e-01
6.231101457492965734e-01
6.277973600380565289e-01
6.319765276580835422e-01
6.375665423256284825e-01
6.479698752880179713e-01
6.868466585532861934e-01
6.873316934489941410e-01
6.883827700841824715e-01
6.951626421561152291e-01
7.030377414802145841e-01
7.040628771655835783e-01
7.078494474942799153e-01
7.097490718866810155e-01
7.173233642077913030e-01
7.241464258132839227e-01
7.288975451811435802e-01
7.379140517803809418e-01
7.382116339177581255e-01
7.836528068248275192e-01
7.990992037821389449e-01
8.091508774311996222e-01
8.124274748564302984e-01
8.130862377248183614e-01
8.133716947896481031e-01
8.148286434488890562e-01
8.151778966758577161e-01
8.418061518830198819e-01
8.497579116931237575e-01
8.549364281969120682e-01
8.725308504991675651e-01
8.818030568773999045e-01
8.860601360887792044e-01
9.015408502988908612e-01
9.081849629743350416e-01
9.149231726197579739e-01
9.269522817175279705e-01
9.320545095807899472e-01
9.339014170503324719e-01
9.363176550799169329e-01
9.558911024245486665e-01
9.574024173590106601e-01
9.597686297219514273e-01
9.859626382616500928e-01
9.884082252720064465e-01
9.952682525341555175e-01
1.003928668073198915e+00
1.007375373657028783e+00
1.012663208612053278e+00
1.013586400301356383e+00
1.013855894095271104e+00
1.025843459964858706e+00
1.062533685917286252e+00
1.081568840217771887e+00
1.092694607572648913e+00
1.098426431203272102e+00
1.105945643192927763e+00
1.108283411490954551e+00
1.115342629543723207e+00
1.120988365048369628e+00
1.148208771257150262e+00
1.149451248695552819e+00
1.151460079152137661e+00
1.154894644160610273e+00
1.165835636214652471e+00
1.168609965165749554e+00
1.180455560823713501e+00
1.186605794546127690e+00
1.190761293462290205e+00
1.193032233810944032e+00
1.195312166683172084e+00
1.195653382578574453e+00
1.195788330014224243e+00
1.195872818451524378e+00
1.196929084388665299e+00
1.198076386061716292e+00
1.203490914099654807e+00
1.205198462943922966e+00
1.205823345216135545e+00
1.208110466804900085e+00
1.208531441714978172e+00
1.208905569652165335e+00
1.209484208954521245e+00
1.216051921238887390e+00
1.217937722308958248e+00
1.225510926008312129e+00
1.226516039940073188e+00
1.228461974445409943e+00
1.246815082662394270e+00
1.263930080993026062e+00
1.265117722567829395e+00
1.265631114082599984e+00
1.280685857891274981e+00
1.288528145984439988e+00
1.290141074879080474e+00
1.290548018728462365e+00
1.296177428058496783e+00
1.323373544254972556e+00
1.342265616330132083e+00
1.354183311303049031e+00
1.367411860920869637e+00
1.381407725825363642e+00
1.405155006362397874e+00
1.413118738574030031e+00
1.420823360237851052e+00
1.425684638804832094e+00
1.434036904611135199e+00
1.439857512734031397e+00
1.454771830821173006e+00
1.458366259598433023e+00
1.480419307738985113e+00
1.490378390642160156e+00
1.520800709645227844e+00
1.522127764821554985e+00
1.594886795637801225e+00
1.679830055283770607e+00
1.769790800580074874e+00
1.860576235183482252e+00
1.948917589891229873e+00
2.031570808475166245e+00
2.104036853346301417e+00
2.141453790132197277e+00
2.153785797564260918e+00
2.159291627134332092e+00
2.163135186056102111e+00
2.191311351378752992e+00
2.200512826223684382e+00
2.202345633307297046e+00
2.217019969580225069e+00
2.218753927889455912e+00
2.223690622469620237e+00
2.232369247016650959e+00
2.252711764829760988e+00
2.252749312538224302e+00
2.266022612438445716e+00
2.284055880596780774e+00
2.289983034611695611e+00
2.325334522646432589e+00
2.347555756600246291e+00
2.370239659407315180e+00
2.399586114572703988e+00
2.410182882789434267e+00
2.414424517232458989e+00
2.440997635536122701e+00
2.446697113457055650e+00
2.458904210622427033e+00
2.574188598669008066e+00
2.576095263572739213e+00
2.586682830588189930e+00
2.589058821157284029e+00
2.597923664435419777e+00
2.604990420870552992e+00
2.630493007951563378e+00
2.631785184823897339e+00
2.636560788242587439e+00
2.649758963617979912e+00
2.654500755083361696e+00
2.660252056217149441e+00
2.691362740737744730e+00
2.694489417549646770e+00
2.695066307373286563e+00
2.696803114742106100e+00
2.712921506596046584e+00
2.732973276972083809e+00
2.734816629403251653e+00
2.739213423907162159e+00
2.741293446820401325e+00
2.755855854435280694e+00
2.763751931827056030e+00
2.775206100556922184e+00
2.775579295945692859e+00
2.785886428808178827e+00
2.792846541943082350e+00
2.797938397816412071e+00
2.804050943122212480e+00
2.805545036264803560e+00
2.816715578529230601e+00
2.818266934318456762e+00
2.826157731969820563e+00
2.827717667025201553e+00
2.832107754543513156e+00
2.840443561592746136e+00
2.868969827044306697e+00
2.895263992896079941e+00
2.899798052831493056e+00
2.903979960000822480e+00
2.904199838457612870e+00
2.910371557561620914e+00
2.916145014870093366e+00
2.941620846778640885e+00
2.943935376194296349e+00
2.945167895016727044e+00
2.948030351007229211e+00
2.954164286326356414e+00
2.957477232397455857e+00
2.960266865763509614e+00
2.961237502418482492e+00
2.965071366431458966e+00
2.980969425105690185e+00
2.995782577408393710e+00
3.004870394162798330e+00
3.006963160119990430e+00
3.013304443188292492e+00
3.017728804590270375e+00
3.026431529983772073e+00
3.036957088416341488e+00
3.043527824421868644e+00
3.066525765886323196e+00
3.088672146382239081e+00
3.089659623384576115e+00
3.098378932080542381e+00
3.107575619022498792e+00
3.109039284918610591e+00
3.132059138913015239e+00
3.133725183906561629e+00
3.137540515201189262e+00
3.150930286877598352e+00
3.161738418506024217e+00
3.170211089754327194e+00
3.173854995496822262e+00
3.178564227168145351e+00
3.180029406591167618e+00
3.184178863142797855e+00
3.188051574001526056e+00
3.188294087881203609e+00
3.204604155246063346e+00
3.207228649071538928e+00
3.210179845464564696e+00
3.210827050265871119e+00
3.214411874893882803e+00
3.217549201753148846e+00
3.222498312819087829e+00
3.229655922719921080e+00
3.233664599914120696e+00
3.237212118380194958e+00
3.246753047977362083e+00
3.259126225664915388e+00
3.262643239002012141e+00
3.274882939810034088e+00
3.288251355149532706e+00
3.290745760354272242e+00
3.299060765691971486e+00
3.307087400802822597e+00
3.309969145163243809e+00
3.310072733391359101e+00
3.311426616975917891e+00
3.311755481477076213e+00
3.312057659250415398e+00
3.312158324569156154e+00
3.312301095957164598e+00
3.312541932887969942e+00
3.312562349800598938e+00
3.312577092367545717e+00
3.312985176711530144e+00
3.315169129709257589e+00
3.316437158364952342e+00
3.320829565399335603e+00
3.321690839496445502e+00
3.323734607628149984e+00
