-4.307388057185984387e+00
-4.178937118215233504e+00
-4.014241668237537475e+00
-3.950777169180829773e+00
-3.944360447282284632e+00
-3.912658971206010694e+00
-3.860376065256518441e+00
-3.849691954845337882e+00
-3.823640168827644903e+00
-3.802931853125484540e+00
-3.759038531984963072e+00
-3.750647697463334040e+00
-3.739917800689740446e+00
-3.729451635633250994e+00
-3.714330116154835437e+00
-3.658439960542377190e+00
-3.639335417318413590e+00
-3.627627756121676761e+00
-3.615025360318292247e+00
-3.613396891751878393e+00
-3.606145216826716737e+00
-3.577933793286746766e+00
-3.516752277403224269e+00
-3.516116355316686537e+00
-3.489870033165415553e+00
-3.482061339086654606e+00
-3.479064487434629260e+00
-3.464344512365080675e+00
-3.455398315745640048e+00
-3.450742465781456492e+00
-3.444958163671254070e+00
-3.425856927988042422e+00
-3.420852812069261173e+00
-3.418971995052138002e+00
-3.401344557094473586e+00
-3.398377419097131202e+00
-3.388319494886219196e+00
-3.348409271987189406e+00
-3.335378378373547559e+00
-3.318937639753906765e+00
-3.311149625713540878e+00
-3.298980426949309486e+00
-3.289196757730101783e+00
-3.270993479669829895e+00
-3.260054235489457497e+00
-3.256787758787691889e+00
-3.254978206650111172e+00
-3.243968314762725402e+00
-3.230160715760328038e+00
-3.212773992882028473e+00
-3.206632560256239106e+00
-3.197699183893478736e+00
-3.194558381832582228e+00
-3.180147080013341565e+00
-3.140018216914781224e+00
-3.137804317523531950e+00
-3.134429310423342052e+00
-3.121901869012080777e+00
-3.092352095352641772e+00
-3.088720434835747319e+00
-3.086933200138161748e+00
-3.074330146164037991e+00
-3.068447582307344490e+00
-3.052195644578017841e+00
-3.034473770539429793e+00
-3.029573927137231060e+00
-3.023397509562609109e+00
-3.014556004662267696e+00
-3.012047980094207933e+00
-3.005850175564599436e+00
-2.992367865601909926e+00
-2.983692812962572827e+00
-2.974541183090888996e+00
-2.960285026630550043e+00
-2.954664652246507650e+00
-2.949825904584913339e+00
-2.935995955563530213e+00
-2.915324949535904153e+00
-2.913998265991304404e+00
-2.897845457270109115e+00
-2.884838077949268609e+00
-2.869865686367478741e+00
-2.846958080145533199e+00
-2.841213190003637923e+00
-2.821809604545602479e+00
-2.817737776512037939e+00
-2.792105210329313802e+00
-2.782862424784643185e+00
-2.775089330803659493e+00
-2.760251237898493137e+00
-2.756615641533150640e+00
-2.735820701228352192e+00
-2.731004663305647284e+00
-2.705021139480873416e+00
-2.690288665511764155e+00
-2.679562885042118481e+00
-2.672096721998264091e+00
-2.662375574692958047e+00
-2.650223635291417246e+00
-2.641310107774538896e+00
-2.619196888552758562e+00
-2.611766260675023599e+00
-2.601693155577033956e+00
-2.589930797164341936e+00
-2.575809872768842546e+00
-2.555188505230196139e+00
-2.546040669989965366e+00
-2.532744586669627207e+00
-2.529857079737534153e+00
-2.521933554597393989e+00
-2.506864847657034545e+00
-2.488516204113273567e+00
-2.469251562604025452e+00
-2.459114434797660564e+00
-2.452101587362967017e+00
-2.440476306077487223e+00
-2.436025503041154394e+00
-2.427545873105339425e+00
-2.407550556390518626e+00
-2.398227579536681198e+00
-2.376301182373393495e+00
-2.354717962595271441e+00
-2.344606550875385498e+00
-2.323420406204458111e+00
-2.313389283244009498e+00
-2.299672252585865273e+00
-2.283494447458798149e+00
-2.257797546743991468e+00
-2.244597424162401378e+00
-2.228532787979132124e+00
-2.222361304086073019e+00
-2.201907897949113568e+00
-2.187157727201395119e+00
-2.180688618169634996e+00
-2.157662900496244873e+00
-2.127420252763650765e+00
-2.119222614193811527e+00
-2.107167010210598157e+00
-2.062315457830683485e+00
-2.009116959240218048e+00
-2.003096349415488753e+00
-1.941721013150113695e+00
-1.877818343712347016e+00
-1.863362199998098045e+00
-1.846911153756721768e+00
-1.814885221467706700e+00
-1.803026968977468947e+00
-1.763364283826489798e+00
-1.744708818400584338e+00
-1.725114718867104102e+00
-1.716535798296795701e+00
-1.705780766284295424e+00
-1.694006619708749994e+00
-1.677296927571931828e+00
-1.663948191674788912e+00
-1.652041920732808311e+00
-1.643422618196590301e+00
-1.626514959501143887e+00
-1.615774631963021513e+00
-1.601041239693862028e+00
-1.586709132550212509e+00
-1.574638091238193649e+00
-1.567975895657383045e+00
-1.559550437646067600e+00
-1.539273428895860940e+00
-1.536799078991774037e+00
-1.523501446546230653e+00
-1.511354241047112135e+00
-1.508444088559543816e+00
-1.486704287414467807e+00
-1.479306327238298691e+00
-1.468199450582833077e+00
-1.456746373652507698e+00
-1.453944496894977068e+00
-1.443485485763010612e+00
-1.435143232138975655e+00
-1.421723644088403793e+00
-1.411669571214702046e+00
-1.402963919360914691e+00
-1.386971462074961359e+00
-1.380110122232935499e+00
-1.366768071391622374e+00
-1.362346134314376345e+00
-1.349849021156250828e+00
-1.338916118101399100e+00
-1.326443663890981783e+00
-1.306139795830635331e+00
-1.298781177847530666e+00
-1.288468954217826035e+00
-1.284757949567348456e+00
-1.273827170080604088e+00
-1.262940523405846616e+00
-1.254343702668460070e+00
-1.245034631120151669e+00
-1.238179811498226979e+00
-1.232741312832866365e+00
-1.222467925910122322e+00
-1.211815442507434559e+00
-1.198124184180511920e+00
-1.188008285414879239e+00
-1.182844735834791772e+00
-1.165024834948042765e+00
-1.162099866151956595e+00
-1.148241180996905531e+00
-1.146861157923456664e+00
-1.136492070860182446e+00
-1.131143411217606198e+00
-1.127508215529937408e+00
-1.125193554281830988e+00
-1.113320288765973665e+00
-1.105488054934349984e+00
-1.097668829628893894e+00
-1.091433262749031075e+00
-1.081825173171301557e+00
-1.076349059510490536e+00
-1.065942302535386910e+00
-1.059445313632846331e+00
-1.050808144197374228e+00
-1.034118895856986464e+00
-1.026664083717821807e+00
-1.023392441511767004e+00
-1.009420156860587392e+00
-1.004270137671320784e+00
-9.869023784000210409e-01
-9.751411865299932646e-01
-9.636246000406890611e-01
-9.506978960554445246e-01
-9.363200732201659715e-01
-9.253144925671895615e-01
-9.221264688284995792e-01
-9.103392030673297386e-01
-8.982121316425452084e-01
-8.903709173560085954e-01
-8.797961587037428366e-01
-8.729784992113632791e-01
-8.644354242414493683e-01
-8.602340282774916247e-01
-8.530696441602744207e-01
-8.393947799620972150e-01
-8.324420285933266106e-01
-8.288332412015894102e-01
-8.188302041848345425e-01
-8.145113350182728862e-01
-8.044576258538963520e-01
-7.931255099408160980e-01
-7.886913547497721444e-01
-7.802788580659196782e-01
-7.776980178464769633e-01
-7.677652771321104019e-01
-7.486380894083350945e-01
-7.432273404916895920e-01
-7.370450845316682820e-01
-7.317818346120446016e-01
-7.218588016557909715e-01
-7.166068221834183127e-01
-7.072145256747034425e-01
-6.930223639885410014e-01
-6.862887330936412456e-01
-6.613591628204285033e-01
-6.525479625064479761e-01
-6.432354931185301217e-01
-6.379865757736788989e-01
-6.285289878306838940e-01
-6.170971036562977741e-01
-6.088782101695050519e-01
-6.013473660817727495e-01
-5.950748554500315812e-01
-5.823252236833535989e-01
-5.680891265912938470e-01
-5.587397768848735291e-01
-5.519201149816161944e-01
-5.362921276865707521e-01
-5.331000203312781238e-01
-5.253353701606373605e-01
-5.178674135554782731e-01
-5.102709794671168586e-01
-5.013886706290189288e-01
-4.979751104246071813e-01
-4.881876020509699488e-01
-4.787802820954309424e-01
-4.713498191802643622e-01
-4.685770616750985496e-01
-4.476896695171478369e-01
-4.420271631112049904e-01
-4.333413636692126092e-01
-4.289590311111369236e-01
-4.173117990239487707e-01
-4.101486545625753211e-01
-4.009067573062990997e-01
-3.890472385149706391e-01
-3.838557040482769023e-01
-3.750144022939911892e-01
-3.670013386586140625e-01
-3.638892040523434290e-01
-3.545663920783886924e-01
-3.423960604155344423e-01
-3.342739935766168013e-01
-3.290111913958849721e-01
-3.236161911915379497e-01
-3.154394134743231382e-01
-3.018406175227377197e-01
-2.921160872427505661e-01
-2.835510980981591489e-01
-2.740000265209837083e-01
-2.669944944717192459e-01
-2.583781512639246047e-01
-2.432570588123644240e-01
-2.340013409357479257e-01
-2.284803467641381980e-01
-2.166014285725132715e-01
-2.105953578891377465e-01
-2.065122082092629430e-01
-1.960637661990013436e-01
-1.862568817252814035e-01
-1.796212175043586379e-01
-1.712741826033113424e-01
-1.617065517386875872e-01
-1.551422993311734611e-01
-1.507597684657500936e-01
-1.410603705081845960e-01
-1.326440948826675681e-01
-1.234466564275944755e-01
-1.117968170136600936e-01
-1.060269447097334505e-01
-1.002239281720591207e-01
-9.561175258021245571e-02
-8.913091323096934693e-02
-8.617662165435703570e-02
-7.475786395792594075e-02
-6.565392060316849188e-02
-6.069914823735553938e-02
-5.336373713690533566e-02
-4.452935738971430801e-02
-3.568962184706302859e-02
-3.252837177473754532e-02
-2.031013835320494981e-02
-1.134469505638416136e-02
-5.793190552032574311e-03
-2.298691670579807236e-03
5.924475728027547329e-03
1.583786317406949209e-02
2.414257247657501659e-02
3.467708349882387547e-02
4.929253980251511319e-02
5.747857537344118473e-02
6.329959807179084963e-02
7.412426588417152240e-02
7.811163821440292310e-02
8.796577481974778012e-02
9.745349279704616785e-02
1.047126726499566646e-01
1.155900602668970129e-01
1.223728873854718346e-01
1.325468589262984165e-01
1.376103372570020855e-01
1.425040305280039499e-01
1.526739962238989889e-01
1.616407963423582561e-01
1.719503014166899879e-01
1.739694398588145785e-01
1.877654991887084679e-01
1.927753686942347000e-01
2.009828537008719884e-01
2.078372211868232122e-01
2.169002189957798532e-01
2.225927041164235398e-01
2.285635452778625454e-01
2.355391434562361663e-01
2.430350413418725375e-01
2.510452263975941900e-01
2.569522164981946077e-01
2.755659877479023634e-01
2.862221120529854224e-01
2.946437389588364986e-01
2.978666752343021584e-01
3.008730515293293051e-01
3.118278671982233630e-01
3.183015725430941578e-01
3.248585037424846500e-01
3.274553864088307065e-01
3.417262269191074231e-01
3.458154591029070635e-01
3.584010344705989004e-01
3.651326444369346058e-01
3.749787504628771528e-01
3.765950123811575012e-01
3.853791303633085641e-01
3.959797973290932749e-01
4.026825057264838970e-01
4.044024847017985147e-01
4.106704103968106812e-01
4.241998284500676508e-01
4.306785016377887021e-01
4.403337063993377209e-01
4.426980307885614585e-01
4.499254791078485249e-01
4.567833941980550261e-01
4.592087983768157744e-01
4.759094958685746168e-01
4.899386738903021565e-01
4.964749732523012771e-01
5.036801110090324274e-01
5.118688641453342791e-01
5.172362571609707693e-01
5.302264546932652367e-01
5.365390069933456685e-01
5.410251886314098035e-01
5.487239320361493311e-01
5.589862589115496272e-01
5.683777584296284546e-01
5.818230108357927977e-01
5.859427267103696213e-01
5.920467792431156617e-01
6.012902335436507428e-01
6.066653395356650380e-01
6.158759722599685960e-01
6.243817903550060722e-01
6.440620374739740583e-01
6.482090870559087392e-01
6.560147192501656344e-01
6.623762018695629195e-01
6.788911618588638897e-01
6.855188808931240718e-01
6.876406369553424991e-01
7.089164474885946143e-01
7.143533197246936250e-01
7.294891110384038591e-01
7.353752764421674915e-01
7.381482771040046575e-01
7.442962287928202025e-01
7.501312894440899104e-01
7.621713262544180800e-01
7.711253264912916183e-01
7.831159855065177311e-01
7.859126369098182741e-01
8.014350548917297257e-01
8.075155053105250724e-01
8.219163810129000991e-01
8.295310410737475326e-01
8.485624327698196856e-01
8.534701500111261385e-01
8.605617108052486808e-01
8.698732609196152543e-01
8.793584277974764163e-01
8.877582125307741379e-01
8.942860711077357250e-01
8.985168118650788127e-01
9.080766664415729217e-01
9.103795559099546741e-01
9.338307747554334126e-01
9.369772635707701580e-01
9.512221924412904706e-01
9.585537479742071154e-01
9.646915441402997837e-01
9.705523280167667188e-01
9.860225479457650488e-01
9.908275900176218842e-01
9.971849080950438982e-01
1.002147368767188684e+00
1.014444480005589400e+00
1.025426021080349193e+00
1.033361746979112983e+00
1.037511155903567017e+00
1.046149620912925737e+00
1.054276363149821982e+00
1.059157215609681124e+00
1.072146556162572484e+00
1.083352893715229470e+00
1.090514371673616978e+00
1.093692678892697723e+00
1.100089204196576409e+00
1.106499754262250113e+00
1.117145664678818484e+00
1.122936499087798357e+00
1.133315202207499039e+00
1.150609325060276245e+00
1.156947042125888725e+00
1.162606027514477391e+00
1.173039410967815943e+00
1.186637793505171956e+00
1.197322516973332807e+00
1.201950182937226996e+00
1.206938447072090304e+00
1.216290393623419508e+00
1.228586559601256178e+00
1.232126977558911651e+00
1.236259059350050649e+00
1.249926682041781589e+00
1.258885836478081943e+00
1.268358960849490957e+00
1.273694172215029008e+00
1.290814802014894402e+00
1.297710897955780318e+00
1.303349713747423699e+00
1.312592438708469089e+00
1.323881802394856200e+00
1.328119032920678011e+00
1.343987938835414564e+00
1.356080753355436430e+00
1.374410765991497252e+00
1.378633806448543053e+00
1.391127504553372418e+00
1.397809832520694462e+00
1.414109773586544883e+00
1.424336401236206973e+00
1.432380114456109466e+00
1.444453145043398390e+00
1.456139015015787130e+00
1.460075288329720777e+00
1.469079376157229611e+00
1.483904485394744954e+00
1.490017394993522482e+00
1.498367355791077937e+00
1.509383127741678488e+00
1.519439334804167929e+00
1.531160475335219706e+00
1.539862474137150716e+00
1.543291277522038873e+00
1.545096193290972808e+00
1.560929100140116432e+00
1.567866449798395179e+00
1.576131072302194180e+00
1.595233635838888553e+00
1.605572872312089228e+00
1.619845743050713827e+00
1.627696121161256393e+00
1.631778430746118502e+00
1.651889688398431977e+00
1.672924072961082143e+00
1.686398709737245039e+00
1.700075234018650461e+00
1.713460431554681973e+00
1.726121156541300827e+00
1.754162901587136281e+00
1.761775537121518020e+00
1.770938864459130846e+00
1.773374124318716660e+00
1.783437877011579520e+00
1.799555510126154445e+00
1.814287621040915788e+00
1.832400043021089608e+00
1.840336559403860317e+00
1.887165723869988376e+00
1.914814630289738417e+00
1.972554348626593512e+00
1.983655212033557769e+00
2.003800655043267653e+00
2.053538211744165398e+00
2.120275319845279949e+00
2.136020488045090371e+00
2.184177063657912310e+00
2.201484417882203282e+00
2.216363884119990857e+00
2.224160902478504731e+00
2.233854183508471536e+00
2.254071914695573220e+00
2.281352280083821071e+00
2.296414768461633393e+00
2.317229891342546200e+00
2.326369438562402081e+00
2.345689032358009740e+00
2.381842094092904372e+00
2.407095686231031095e+00
2.417361529791984154e+00
2.427781559111397591e+00
2.439336492584962990e+00
2.464053779854363579e+00
2.483075134800078576e+00
2.497533168796081338e+00
2.508275992457764225e+00
2.521083155805338816e+00
2.543369858871169065e+00
2.553417376828120311e+00
2.566681769311073946e+00
2.583455623932489509e+00
2.600074684051220775e+00
2.606076036330899903e+00
2.616362194263839758e+00
2.632156723109386753e+00
2.654558866969262798e+00
2.672638432883349235e+00
2.688451198586251145e+00
2.696328088367692111e+00
2.721379877982969653e+00
2.742070958843132011e+00
2.747877113233132107e+00
2.752006680094275737e+00
2.784564083807557378e+00
2.804514300648502267e+00
2.815068309796205703e+00
2.829728876393538428e+00
2.839353782529570491e+00
2.847730360690042151e+00
2.866243658360790203e+00
2.879476202835463905e+00
2.889635865818976246e+00
2.893684053241731391e+00
2.903255134366534929e+00
2.912222502818433423e+00
2.930847105351453319e+00
2.933755879589133198e+00
2.949421668736064817e+00
2.953769611489511338e+00
2.956886709871638264e+00
2.969584093150212212e+00
2.972690900503660583e+00
2.984432820626708782e+00
2.990671037893943840e+00
3.000375641304216856e+00
3.011087121624896668e+00
3.021439884968525558e+00
3.028386987785198325e+00
3.035132528130976226e+00
3.048966243403643972e+00
3.055374832758733117e+00
3.060355697640979145e+00
3.066305888215837161e+00
3.075211475158465380e+00
3.079143593386665767e+00
3.090119575818627506e+00
3.093592145445449137e+00
3.109321083817124798e+00
3.115273793729384622e+00
3.125732768588751487e+00
3.139649050335245217e+00
3.147186647529256476e+00
3.152180928885187861e+00
3.157784707193237228e+00
3.162343053952138661e+00
3.171437386244001289e+00
3.179986729171718984e+00
3.191306715484117706e+00
3.207733629358252792e+00
3.217556929184850478e+00
3.227283227617589123e+00
3.233116863175283129e+00
3.248253795974436642e+00
3.273162372830900946e+00
3.278056171884789372e+00
3.292873663063946577e+00
3.298698017202843946e+00
3.302492699991903091e+00
3.312796175060991999e+00
3.321417063460588626e+00
3.340398495482186814e+00
3.359264682539845115e+00
3.368271553188279199e+00
3.370344768274968317e+00
3.375304755329175066e+00
3.382078115597747736e+00
3.383398272662197837e+00
3.384522670992589077e+00
3.427028147269793212e+00
3.430192316383519291e+00
3.448476165616689570e+00
3.472619451222130227e+00
3.477939182561400777e+00
3.498122203735854363e+00
3.503940693552863195e+00
3.506405292158689679e+00
3.527602511535159024e+00
3.546779496375817242e+00
3.553788523412741096e+00
3.566680530655085501e+00
3.569852260909181840e+00
3.576169256475659974e+00
3.592354649989736970e+00
3.607224098033122495e+00
3.612875620093539908e+00
3.626666027294251471e+00
3.632188605438859685e+00
3.639513227889588087e+00
3.680089296695207235e+00
3.740297505710225234e+00
3.760941546198176777e+00
3.764054087751217637e+00
3.773723688308586954e+00
3.784067335457721448e+00
3.792291224213344414e+00
3.798617308804390635e+00
3.802919676299046259e+00
3.854802876479637597e+00
3.890891282660981609e+00
3.944038768690820707e+00
4.054517638547967984e+00
4.067742827244356540e+00
4.083155990383731115e+00
4.153691864365855579e+00
4.155267028901513449e+00
