-2.727527341979446227e-02
2.868747527624488508e-02
8.764713434929224944e-02
1.284448472132771434e-02
-5.845477677928809929e-02
-1.044958681463841084e-02
2.053726322067156787e-02
9.585925550511248394e-02
5.461635453299833187e-02
-5.789443223680611206e-02
1.352104738056359758e-02
-7.853887596504979807e-02
-1.300344060266642697e-02
-2.660642830963387464e-03
2.958819186315285454e-02
-2.383247015360391574e-02
-3.618426924348212663e-03
1.190702131707370784e-02
1.511820706464423250e-02
-1.275334019968965837e-01
-1.017804461982202077e-02
1.354197077876684654e-02
3.039927786929772641e-02
-1.609283916285932092e-02
-4.286238408231817648e-03
-5.087368328046205923e-02
-2.058146986891131597e-02
6.822079927104551800e-02
2.853523208489479324e-02
-5.136698692209305805e-02
-8.721818073286706887e-04
-4.317400894807497946e-02
-1.709823945435515885e-02
-3.690631016026602040e-02
3.407403192571317047e-02
4.236794355554505953e-02
-1.669344501178283632e-02
1.187104839852337222e-03
2.044310668070676781e-02
1.226661259886468493e-02
-1.032611232246559776e-02
2.400434378505620844e-02
9.260695410427540256e-03
-3.239190213639464577e-02
-5.634231851280816633e-02
3.319436574873338430e-02
-2.090142957425463605e-02
1.262117408577692786e-02
7.681736443209669085e-02
5.368848936894601853e-02
-3.410730480092612205e-02
7.981226392867815655e-02
-5.048777866987784468e-02
6.340577848814475323e-03
-5.072027533172500510e-05
5.250590588318890944e-02
1.296388739436610781e-02
7.671168885731667608e-02
3.742382739351862025e-02
-2.480431248034892580e-02
-5.245966720936570682e-02
-7.283384905843888479e-02
-2.843658157122184657e-02
-3.733131498758053730e-03
4.390576631256002532e-02
-1.178642603813214590e-02
5.104882814247885953e-02
-4.229933058965022058e-02
4.176765905580463040e-02
2.117622120263774194e-02
-1.652745898801750643e-02
-1.667622375773184298e-02
2.817088794941383437e-02
-8.364396898557609900e-03
1.232612008462045244e-02
-6.131679240296274104e-04
-2.319404708286603237e-02
-5.382409591717470659e-02
-1.344792802792324493e-02
5.723616759125015746e-02
-5.562967081132731651e-04
-1.078801581930297245e-02
-4.674138755093067144e-02
-2.073989031563192725e-02
-1.857406321155147255e-02
3.309526948254620099e-02
-7.553036044607973343e-02
2.639580989711254669e-02
-3.035130140525469505e-02
2.620015800808295214e-02
-6.667562353204259384e-02
1.348702472448905058e-02
1.033508765260875671e-02
-1.560324256655028739e-02
7.244293320856116936e-02
-7.186664288472271837e-03
-3.459611708779819473e-04
-4.540625656139787858e-02
1.602818602600616926e-02
1.427995800682108248e-02
-8.832542072698387758e-02
-2.377259390494189384e-02
-7.508596936331021765e-02
3.338949103244798905e-02
2.582202004570142984e-02
-3.007151325929732430e-03
4.146417371833643201e-02
-1.237059138304712376e-02
-1.098576489790805029e-02
3.934388595228912634e-03
-1.618696277438179745e-02
-8.116665920758910080e-02
-4.708994450202198812e-02
5.161074726215460033e-03
4.556771753112661555e-02
-4.988513567765186923e-02
-1.315401821156024368e-03
-1.058693030849712502e-02
-6.965576607624121563e-02
3.702605127353058440e-02
-3.045235671501535929e-02
8.089921535782123446e-03
-5.324629080047658947e-02
3.156961124941924657e-03
6.633569748774223798e-03
6.462517802371580723e-03
-1.978843669768013541e-02
-5.086930194628053181e-02
-3.956941574335175876e-02
-6.025285205759556978e-03
-6.048714129770976257e-03
2.160629955146472006e-02
-5.049268555234450589e-02
-2.027176255072245595e-02
-6.755108835223394559e-02
4.538539332090743561e-02
3.689509756755297160e-02
2.174633232858717499e-02
-5.894403761599521091e-02
-6.472189739361647147e-03
-2.787244887726549741e-02
3.217880587969147721e-02
2.645431871866537818e-02
8.606011300507176651e-03
7.218244186790923056e-02
-1.938539792637670317e-02
1.735599543375196396e-02
-3.389327741521729748e-02
3.872554916135826503e-02
5.744613538587074221e-03
-3.554461172069978137e-02
-4.413112473997105045e-02
-4.279466043561706151e-02
4.476131238249522748e-02
-3.888721551380588254e-02
4.135808860606676740e-02
1.903028363204752396e-02
8.076830129126123109e-03
-1.648457334980604067e-02
5.120567732285749574e-02
1.795294372908793484e-02
-2.838918094381753798e-02
1.807128933079614821e-02
-2.272908104820818218e-02
8.159965600015253728e-02
-3.424409411420546029e-02
1.505861812942836577e-03
5.041443192181129657e-02
1.144599761816212681e-02
3.817924978155393806e-02
6.528879138500359725e-02
-1.398495829153719415e-02
8.983962349110799148e-03
-8.215389600772923795e-02
-3.111583638193985563e-02
-9.496708577464976764e-02
-1.231941790033860493e-02
9.836745829627133522e-03
3.632792552245938528e-02
-1.719111756970825855e-02
8.757631925093274650e-03
1.926078079187939357e-02
1.899614043641293173e-02
3.084482737411501849e-02
-2.999265893456043290e-04
-2.239616633439682133e-02
-5.587836419240443248e-02
-2.107636683810299588e-02
-1.130468804182801698e-02
-1.889521772498354082e-02
-5.028819529732392324e-02
4.264994070959602160e-03
5.853082364626637814e-03
-1.057993535838048192e-02
7.113511369805401718e-02
-6.601218900368713283e-02
-1.708577262508634981e-02
-5.316683338244583557e-02
-2.601120612004525351e-03
-5.405605523240992333e-02
1.920635452342068020e-02
-1.153236369172579330e-02
4.204523496771588736e-02
1.974118823274214230e-04
9.830205098102439212e-03
2.400288962569894873e-03
-1.945788857100676922e-02
-1.409449443843227741e-02
3.623716539586787494e-02
-4.784342941788841271e-04
-3.520598231333969819e-02
1.299731467305507981e-02
3.180090783871412918e-02
6.163477621130486125e-03
-3.829190708689902967e-02
6.965331710619106914e-03
-1.762222291410358438e-02
6.913307916186699209e-02
-3.385001912232046828e-02
-2.784012958828167503e-02
-3.390824676696127526e-02
-6.340418627451098466e-03
-2.652540427469549794e-02
-1.943807394457119572e-02
-2.832995444825942705e-02
-2.800151955078492710e-02
-7.959548313306464423e-04
-4.942476030428272216e-02
4.380025102235375611e-02
-4.581242138233675848e-02
-7.092485749726823961e-03
-1.622798839172793356e-02
2.375574736369527509e-03
1.004831922915971031e-02
-8.854409593083652219e-03
3.833415616935696713e-02
2.177198512859507967e-02
3.803113225488328857e-03
4.825315506561778794e-02
-9.007395398005393905e-03
-3.984728595152683267e-02
-4.681847617874316386e-02
-5.569622520017970813e-02
9.423869085349939612e-02
4.299320098289131226e-02
1.903419528969852934e-02
1.290441982591602338e-02
2.460406153879731057e-03
3.432920027567947386e-03
-4.116772040996227733e-02
4.103181517932595612e-02
-7.716270695212338986e-03
-3.270765326386733396e-02
-2.526831519176646335e-02
9.597887687938476409e-02
6.879976299863964709e-03
3.493916756239218852e-02
-5.487806162355728101e-02
5.768323902723095607e-03
7.891724883899232934e-02
5.439873105029576633e-03
4.065897196648671219e-02
1.341492232304675875e-02
-5.008670302867130469e-02
5.990960320088775659e-02
-1.716070282393491672e-02
-5.824575985500050207e-02
-2.909521228203176824e-02
-4.671355749268857327e-03
9.242367140242160883e-02
-6.391031533245443604e-03
1.426914117120464676e-02
8.108086577998586952e-03
1.870282261785150696e-02
-4.962371116797889212e-03
1.685355821365612516e-02
-2.345424316229719613e-02
-1.342387483001143168e-02
1.323530851248261135e-02
2.586142983056962871e-02
2.356997138531632605e-02
-6.410603941126158389e-02
7.424050712900094606e-03
3.704535385195519698e-02
3.796720964792408420e-02
4.309845056649425077e-02
-2.193723401583944424e-02
-1.347765108569617780e-02
-4.617681616876716244e-02
-3.317312889364346790e-02
8.581652739259702442e-03
-1.536741464587329346e-02
-3.189342791321905790e-02
4.424787366146235718e-02
8.804652250426068388e-03
3.715362332352914465e-02
5.106654952696237232e-02
-5.376556974607256227e-03
3.436138860888855728e-02
-6.447519272971878601e-02
-2.273075056458209037e-02
2.627534387428652821e-02
-5.014974269021708723e-03
5.109544793195057097e-03
-3.773938686211207594e-02
-7.255370161466630219e-02
-6.719632121760187038e-02
-1.659860348545915201e-02
-1.220043619381619981e-01
1.772751724046861543e-02
-4.437621744889575642e-02
1.915573602609584730e-02
-1.348828745079696037e-02
3.102890848955567119e-02
-3.744654286063486305e-03
3.192520600177972331e-03
1.935672439384892099e-02
-5.403360481295190615e-02
2.786533978386738705e-02
4.253244481474610650e-02
3.666217675460896330e-02
-5.729201804405931880e-02
5.120932336612139119e-02
-2.776366119920233022e-02
3.545434809572606955e-02
-4.575251558119203948e-02
2.604777708342168041e-02
-3.033376846687610082e-02
-2.455920515016579708e-02
-2.184035507154766589e-02
-7.724540694584048489e-03
7.428577615942721923e-02
-1.472152124398115776e-02
6.597625220930662671e-02
-1.030372009865445498e-01
-3.879918889964249079e-02
1.137232526892702602e-03
-5.329490026185142171e-02
1.565441296110155547e-02
-5.721162532628974035e-03
-5.681926570183472303e-02
-5.810007278535255252e-04
-4.381766184089810195e-02
-7.204024072905561293e-02
-3.671455881634956564e-02
6.926158567119632126e-02
5.247560354883125389e-02
4.935994900538621943e-02
3.862564542882222091e-02
-3.410869393738086286e-02
-3.386163256163556706e-02
6.806554095478399569e-02
-3.707881531863636143e-02
3.464122235332806748e-02
-3.941847746871184055e-02
1.421014502693148697e-02
-4.215702137527468918e-02
-3.651921831018464099e-02
-4.004397409615482323e-02
4.656099729959220501e-02
-5.494099811771470387e-02
-3.170148400092785701e-02
9.327836522721585921e-02
-5.799014680956444956e-02
3.289160521448664110e-02
-1.488995922785390363e-02
-1.667935805046176848e-02
1.455692184549315510e-02
2.740551676787645122e-02
-3.506529625370877201e-02
1.142844844916819994e-02
-4.027778482340212823e-02
6.614776426273540934e-03
3.181774905718931772e-03
3.484571141215393741e-02
2.863736198937579316e-02
4.449924746469050008e-02
-1.676600611806118579e-02
-4.828165150597763140e-03
1.825813312616721834e-02
1.905544389959630547e-02
3.190994987456220733e-02
-8.702001670245018347e-03
-2.299605918346729096e-03
-6.060290128025026812e-02
-1.691072590682358642e-02
2.512017388415643121e-02
-2.807499314089353590e-02
-1.413235732579076927e-02
5.909656346382853587e-02
-1.098913408326217429e-02
-4.520827867515272991e-02
-1.955889723929701840e-02
6.830623464744612662e-03
2.353370575851460034e-02
-3.662980596137362793e-02
5.186799489910169647e-02
-8.778186864901825828e-03
9.600654457141572992e-03
5.333307320760987541e-02
-4.178980829062905328e-02
3.627392998888119471e-03
-6.154327106571403500e-02
-5.402126654440735087e-02
3.076630001826397356e-02
-5.111214939806579122e-03
-1.920909106552127349e-02
-1.750109740272153339e-02
5.670519036899916016e-02
2.870882299485455133e-02
5.426860253723614358e-02
-6.091491628941834297e-02
5.298361348591106024e-02
-9.041651597157372320e-04
-4.299425767933696269e-02
-3.646273318101990457e-02
-4.330133808485119029e-03
-1.422711209272071661e-02
-4.678757932221079552e-02
3.609294245188160877e-03
3.160431248446764207e-02
-2.730687820848796965e-02
-1.348121766049269026e-02
2.620928457813614595e-02
5.071262906195038445e-02
2.543839447421053848e-02
-6.670215369380381489e-03
-1.157865531071814585e-02
-2.014942887649502634e-02
-3.595241433721990676e-02
2.374905364853517956e-02
-6.504985438332297476e-02
-9.424690004539383950e-03
3.619106526145258323e-02
-3.036059268186403620e-02
1.876532971238399974e-02
-5.704001384999249358e-02
1.851902476474485970e-02
-7.761078192903871943e-03
-1.171023580045923128e-02
4.206345577158441054e-03
3.381047576300000995e-02
1.681182995240286179e-02
-7.238854741317185537e-02
-4.306564970558605931e-02
7.047781665156797881e-02
2.801662271157465828e-02
4.898576158630803951e-02
-7.211075726194005921e-03
5.046306469718684490e-02
3.558480985753598863e-02
-1.253933091953583420e-02
3.830000242174810832e-02
-2.565995657732070799e-03
1.031699527665964206e-02
-2.376878610131214972e-02
1.764366281112465795e-02
-6.260015426725563936e-02
-1.027684897898735461e-01
2.901797618712718616e-02
-7.266543049795086417e-02
7.346572839077335215e-02
-4.120197037183239569e-02
4.336130395252649206e-02
-3.067553541789702631e-02
-2.981227333074284308e-02
2.441996658361433176e-02
-2.787466890542334569e-02
-1.717911588819672625e-02
2.340726202607128215e-02
-1.145321176540952009e-02
-3.814145451092554318e-02
-9.927030330295570290e-03
2.806117579036282797e-02
5.032776903089926368e-02
-2.334164445707399144e-02
-4.906140876172448290e-02
-4.010274597194509599e-02
1.055019032140409319e-01
-9.582243317319907860e-02
2.342090968444013321e-02
3.563422883799758495e-02
-4.198010316590634200e-02
-5.496611546718731950e-02
3.376641013846848338e-02
-5.019841136744866011e-02
1.484464903660637908e-02
4.016902448662272584e-02
3.786610800074736993e-02
4.221676330423132506e-02
1.726277751767180471e-02
-2.714150935455920868e-03
-2.096303859655991239e-02
1.577994843106806863e-02
-1.417182780921329675e-02
-6.690409313538672742e-02
5.887675023503595104e-03
5.327706597952478959e-03
-2.971395552283691809e-03
4.840065108796411802e-02
-8.040734210047622427e-03
8.644379201460241496e-03
-2.386868167431926285e-02
5.146368976543367474e-02
2.191699330319498221e-02
2.254650312772595380e-02
-1.568740531109729178e-02
1.013304586128887207e-03
5.916753203203008529e-03
1.852369829993806907e-02
8.864567975112508380e-03
2.641775746162185884e-02
-1.222520374698854244e-04
7.323216690993145095e-03
2.540658848147524240e-02
1.606225027980517233e-04
-3.828116155327854209e-02
-6.815478638604486814e-03
-3.433721821379868977e-02
5.790481708298753777e-02
-2.007019906382712451e-02
5.745276455934435721e-03
-3.220638280628154021e-02
-9.847139278535126800e-03
-1.512872408412045330e-02
-4.160463403816542366e-02
-6.487764615079996515e-03
-2.166423867439015369e-02
6.221817388918248447e-03
-1.985084489063924928e-02
-1.071327439782162744e-01
-2.947514339154118715e-02
-8.089302648042959176e-03
-4.245983391366991988e-02
6.881722399394326478e-03
-1.772919679085611239e-02
-9.250004791299372420e-03
-7.294226069457794559e-02
1.613630513315441467e-02
-1.972296265723547798e-02
-7.723531280388602586e-03
-2.814124115859779982e-03
1.696652201844226979e-02
-1.740343354606176465e-02
5.256141122338520155e-02
-4.677381985353638860e-02
5.833659118020060458e-02
3.322675981553879082e-02
5.944716790397198275e-02
-3.801542001306212892e-02
-1.531286643038319052e-02
9.562161505550817149e-04
-2.116938817211485614e-03
4.338692037087931580e-02
4.350252362939639739e-02
-5.116273755740684964e-02
9.722506474508200644e-03
3.337021232515966634e-02
1.180685953433725614e-02
1.609287465142984763e-02
8.805689658392183662e-04
-3.327061283186705243e-02
3.791129145874075346e-02
5.406975023024435112e-02
7.660141298067967008e-02
1.907202445036643157e-02
1.249233454451531382e-02
-1.109439317636236495e-02
7.997896828564880767e-03
-1.745148014934063199e-02
-1.309469964264454479e-02
8.633244754320798520e-02
3.630738254685190319e-02
5.136256920337865794e-02
2.234588815034329115e-02
-1.104137003402378726e-02
-3.517866634784986429e-02
-3.233602905525475441e-02
-8.304812907805272926e-02
-8.681280337996947691e-03
1.297111849772789038e-02
2.743100991517702023e-02
1.081107303343036008e-02
5.113616265678675582e-02
8.741659381668895334e-02
-2.826030732156750019e-02
-4.509486391156703605e-02
4.600730178392105352e-02
-2.779964353143413169e-02
-2.506422379178601181e-02
4.777247613499539108e-02
8.837051333428888947e-03
4.451546002067019447e-02
1.003497267349608667e-02
-6.437228009183428024e-02
-6.579307060690627040e-02
2.100080581001038948e-02
-1.956172287965695158e-02
1.191586111448536198e-02
3.140077972613639773e-02
-1.347577959498594095e-02
5.426645488028548209e-02
-3.567895021856522936e-02
-1.079915618764367043e-02
1.738508097945979519e-02
-3.890585341121482327e-02
-4.372170985011782085e-02
3.031552056979714554e-02
-4.858238535930061580e-02
-2.580287157783418828e-02
2.178662508331616430e-03
9.039704563978874854e-03
5.116322521223794217e-02
-6.177627425451766296e-02
-3.380236415096637970e-02
-1.819282655803862794e-02
-3.327347511407167946e-02
4.566947233543674350e-02
4.050973155178000384e-02
4.191404459346248501e-02
-3.895510293643111854e-02
2.998777495243108888e-03
4.305789839965429300e-02
-3.514927549308503180e-02
3.747116610825251132e-02
3.704811856556644578e-02
-1.025435398753748225e-03
-2.201026652490446420e-02
-3.312831244135208686e-02
-2.997981428335558599e-02
-4.011747414052711791e-02
-1.616169072181708813e-02
3.780381655553367165e-02
5.750266488172193179e-03
5.955994469755266502e-02
-3.356931092692240493e-02
-1.758134146188932920e-02
3.454466955845810622e-02
-3.077544105478805143e-03
3.997273724467338002e-02
6.361435838031148648e-02
-6.097931447903346368e-03
1.552665771921587709e-02
8.676403133893520470e-03
-3.126992018744960411e-02
-4.179423583939192999e-02
2.313550179436527424e-03
-4.129265376103315177e-02
1.575504489461645313e-02
-3.008798072155188102e-02
8.213443847868253864e-03
-6.288433060000510333e-02
5.370513923777250204e-02
-5.423893863840676538e-02
-2.215203475376386830e-02
-9.422288640166471066e-03
2.132588097852273004e-02
1.539375479303461448e-02
5.752142536341318252e-02
-1.892846740981885337e-02
-5.131050809638692395e-02
-3.268641659644257874e-02
4.056551844199531714e-02
3.584745301496692488e-02
-2.314508925579090298e-02
-3.628965135827367638e-03
1.202630462364430788e-02
-4.356603128285108095e-02
4.428517540316757352e-03
2.090375052337172315e-02
-8.238025400428809764e-02
-4.431005309968438083e-02
1.536004416900912592e-02
-1.554746334342715398e-02
1.952133668149797288e-02
2.899519714041382326e-02
2.036281384741075399e-03
3.623845266290945995e-03
1.066016991106244136e-02
4.748751210094188935e-02
-2.756867750977134990e-02
-2.615072233251819478e-02
-2.119091692838667371e-02
-9.687404324326376673e-03
2.014522737518571402e-02
-2.178358471809133459e-03
6.412857758837819944e-02
2.823568897083645474e-02
-5.982484769152112379e-03
3.315943657940254030e-02
2.530475819268373974e-03
6.240516755490086581e-02
5.172142337809770840e-02
2.090996882958738243e-02
6.926965118633920601e-03
6.303882023141980928e-02
-3.444856402720940930e-02
-3.683209678446799223e-02
5.298071427947979861e-02
-4.474371508228357913e-02
3.033779285725838617e-04
