-8.834874115176437e-18
-1.7669748230352874e-17
-2.6504622345529315e-17
-2.6504622345529315e-17
-2.6504622345529315e-17
-2.6504622345529315e-17
-3.533949646070575e-17
-3.533949646070575e-17
-3.9756933518293977e-17
-3.9756933518293977e-17
-4.417437057588219e-17
-4.8591807633470414e-17
-5.742668174864685e-17
-5.742668174864685e-17
-5.742668174864685e-17
-6.184411880623507e-17
-6.184411880623507e-17
-6.62615558638233e-17
-6.62615558638233e-17
-6.62615558638233e-17
-7.509642997899974e-17
-7.509642997899974e-17
-7.509642997899974e-17
-7.951386703658795e-17
-8.393130409417617e-17
-8.393130409417617e-17
-9.27661782093526e-17
-9.27661782093526e-17
-1.0160105232452904e-16
-1.0160105232452904e-16
-1.0601848938211726e-16
-1.0601848938211726e-16
-1.1043592643970547e-16
-1.1043592643970547e-16
-1.148533634972937e-16
-1.148533634972937e-16
-1.3252311172764654e-16
-1.501928599579994e-16
-1.678626081883523e-16
-1.8553235641870515e-16
-1.8553235641870515e-16
-1.8553235641870515e-16
-2.0320210464905801e-16
-2.0320210464905801e-16
-2.208718528794109e-16
-2.208718528794109e-16
-2.297067269945873e-16
-2.297067269945873e-16
-2.385416011097638e-16
-2.5621134934011665e-16
-2.5621134934011665e-16
-2.5621134934011665e-16
-2.650462234552931e-16
-2.738810975704695e-16
-2.9155084580082237e-16
-3.0922059403117524e-16
-3.0922059403117524e-16
-3.1805546814635167e-16
-3.1805546814635167e-16
-3.268903422615281e-16
-3.357252163767046e-16
-3.5339496460705744e-16
-3.5339496460705744e-16
-3.710647128374103e-16
-3.710647128374103e-16
-3.7989958695258673e-16
-3.7989958695258673e-16
-3.8873446106776316e-16
-4.0640420929811603e-16
-4.240739575284689e-16
-4.240739575284689e-16
-4.240739575284689e-16
-4.3290883164364537e-16
-4.417437057588218e-16
-4.439524242876159e-16
-4.4616114281641e-16
-4.417437057588218e-16
-4.373262687012336e-16
-4.3290883164364537e-16
-4.351175501724395e-16
-4.3070011311485126e-16
-4.2628267605726305e-16
-4.2628267605726305e-16
-4.2628267605726305e-16
-4.2849139458605715e-16
-4.240739575284689e-16
-4.1965652047088067e-16
-4.1965652047088067e-16
-4.1523908341329246e-16
-4.1523908341329246e-16
-4.0640420929811603e-16
-4.0640420929811603e-16
-3.975693351829396e-16
-3.997780537117337e-16
-3.953606166541455e-16
-3.9094317959655727e-16
-3.9094317959655727e-16
-3.9094317959655727e-16
-3.8210830548138084e-16
-3.8431702401017495e-16
-3.7989958695258673e-16
-3.7989958695258673e-16
-3.754821498949985e-16
-3.754821498949985e-16
-3.666472757798221e-16
-3.666472757798221e-16
-3.5781240166464566e-16
-3.6002112019343976e-16
-3.5560368313585155e-16
-3.5118624607826333e-16
-3.5118624607826333e-16
-3.467688090206751e-16
-3.467688090206751e-16
-3.379339349054987e-16
-3.290990607903222e-16
-3.3130777931911636e-16
-3.268903422615281e-16
-3.268903422615281e-16
-3.224729052039399e-16
-3.224729052039399e-16
-3.224729052039399e-16
-3.1363803108876345e-16
-3.1584674961755756e-16
-3.1142931255996934e-16
-3.0701187550238113e-16
-3.0701187550238113e-16
-3.025944384447929e-16
-3.025944384447929e-16
-2.937595643296165e-16
-2.8492469021444005e-16
-2.8492469021444005e-16
-2.8492469021444005e-16
-2.8934212727202827e-16
-2.937595643296165e-16
-2.937595643296165e-16
-2.937595643296165e-16
-2.981770013872047e-16
-2.981770013872047e-16
-3.025944384447929e-16
-3.025944384447929e-16
-3.025944384447929e-16
-3.025944384447929e-16
-3.0701187550238113e-16
-3.1142931255996934e-16
-3.1142931255996934e-16
-3.1584674961755756e-16
-3.1584674961755756e-16
-3.1584674961755756e-16
-3.1584674961755756e-16
-3.2026418667514577e-16
-3.2026418667514577e-16
-3.24681623732734e-16
-3.24681623732734e-16
-3.24681623732734e-16
-3.24681623732734e-16
-3.290990607903222e-16
-3.290990607903222e-16
-3.3351649784791047e-16
-3.3351649784791047e-16
-3.379339349054987e-16
-3.379339349054987e-16
-3.379339349054987e-16
-3.423513719630869e-16
-3.467688090206751e-16
-3.467688090206751e-16
-3.467688090206751e-16
-3.467688090206751e-16
-3.5118624607826333e-16
-3.5118624607826333e-16
-3.5560368313585155e-16
-3.5560368313585155e-16
-3.6002112019343976e-16
-3.6002112019343976e-16
-3.6002112019343976e-16
-3.6002112019343976e-16
-3.64438557251028e-16
-3.688559943086162e-16
-3.688559943086162e-16
-3.688559943086162e-16
-3.688559943086162e-16
-3.732734313662044e-16
-3.732734313662044e-16
-3.7769086842379263e-16
-3.7769086842379263e-16
-3.7769086842379263e-16
-3.688559943086162e-16
-3.6002112019343976e-16
-3.5118624607826333e-16
-3.6002112019343976e-16
-3.5118624607826333e-16
-3.6002112019343976e-16
-3.5118624607826333e-16
-3.6002112019343976e-16
-3.7769086842379263e-16
-3.8652574253896906e-16
-4.041954907693219e-16
-3.953606166541455e-16
-3.8652574253896906e-16
-3.953606166541455e-16
-4.041954907693219e-16
-4.218652389996748e-16
-4.395349872300277e-16
-4.3070011311485126e-16
-4.395349872300277e-16
-4.3070011311485126e-16
-4.395349872300277e-16
-4.572047354603806e-16
-4.66039609575557e-16
-4.837093578059098e-16
-4.748744836907334e-16
-4.66039609575557e-16
-4.748744836907334e-16
-4.66039609575557e-16
-4.748744836907334e-16
-4.925442319210863e-16
-5.102139801514391e-16
-5.013791060362627e-16
-4.925442319210863e-16
-5.013791060362627e-16
-5.102139801514391e-16
-5.27883728381792e-16
-5.190488542666156e-16
-5.27883728381792e-16
-5.190488542666156e-16
-5.27883728381792e-16
-5.455534766121449e-16
-5.543883507273213e-16
-5.720580989576743e-16
-5.632232248424977e-16
-5.543883507273213e-16
-5.632232248424977e-16
-5.720580989576743e-16
-5.897278471880271e-16
-6.0739759541838e-16
-5.985627213032036e-16
-6.0739759541838e-16
-5.985627213032036e-16
-6.0739759541838e-16
-6.250673436487328e-16
-6.339022177639093e-16
-6.515719659942621e-16
-6.427370918790857e-16
-6.515719659942621e-16
-6.69241714224615e-16
-6.869114624549679e-16
-6.824940253973796e-16
-6.780765883397914e-16
-6.869114624549679e-16
-6.869114624549679e-16
-6.824940253973796e-16
-6.913288995125561e-16
-7.001637736277325e-16
-7.001637736277325e-16
-7.089986477429089e-16
-7.089986477429089e-16
-7.089986477429089e-16
-7.045812106853207e-16
-7.134160848004972e-16
-7.222509589156736e-16
-7.222509589156736e-16
-7.222509589156736e-16
-7.222509589156736e-16
-7.178335218580854e-16
-7.266683959732618e-16
-7.222509589156736e-16
-7.3108583303085e-16
-7.3108583303085e-16
-7.399207071460264e-16
-7.399207071460264e-16
-7.399207071460264e-16
-7.399207071460264e-16
-7.399207071460264e-16
-7.355032700884382e-16
-7.443381442036147e-16
-7.531730183187911e-16
-7.531730183187911e-16
-7.531730183187911e-16
-7.531730183187911e-16
-7.487555812612029e-16
-7.443381442036147e-16
-7.531730183187911e-16
-7.531730183187911e-16
-7.620078924339676e-16
-7.620078924339676e-16
-7.620078924339676e-16
-7.620078924339676e-16
-7.575904553763794e-16
-7.664253294915558e-16
-7.752602036067323e-16
-7.752602036067323e-16
-7.840950777219087e-16
-7.840950777219087e-16
-7.840950777219087e-16
-7.796776406643205e-16
-7.885125147794969e-16
-7.885125147794969e-16
-7.973473888946733e-16
-7.973473888946733e-16
-7.973473888946733e-16
-7.973473888946733e-16
-7.929299518370851e-16
-8.017648259522616e-16
-7.973473888946733e-16
-8.061822630098498e-16
-8.061822630098498e-16
-8.150171371250262e-16
-8.150171371250262e-16
-8.150171371250262e-16
-8.150171371250262e-16
-8.238520112402026e-16
-8.238520112402026e-16
-8.238520112402026e-16
-8.238520112402026e-16
-8.238520112402026e-16
-8.238520112402026e-16
-8.282694482977909e-16
-8.282694482977909e-16
-8.326868853553791e-16
-8.371043224129673e-16
-8.371043224129673e-16
-8.371043224129673e-16
-8.326868853553791e-16
-8.371043224129673e-16
-8.415217594705555e-16
-8.415217594705555e-16
-8.371043224129673e-16
-8.371043224129673e-16
-8.326868853553791e-16
-8.371043224129673e-16
-8.371043224129673e-16
-8.415217594705555e-16
-8.415217594705555e-16
-8.371043224129673e-16
-8.371043224129673e-16
-8.326868853553791e-16
-8.371043224129673e-16
-8.415217594705555e-16
-8.415217594705555e-16
-8.415217594705555e-16
-8.371043224129673e-16
-8.326868853553791e-16
-8.371043224129673e-16
-8.371043224129673e-16
-8.415217594705555e-16
-8.415217594705555e-16
-8.371043224129673e-16
-8.371043224129673e-16
-8.326868853553791e-16
-8.371043224129673e-16
-8.415217594705555e-16
-8.415217594705555e-16
-8.415217594705555e-16
-8.371043224129673e-16
-8.326868853553791e-16
-8.371043224129673e-16
-8.371043224129673e-16
-8.415217594705555e-16
-8.415217594705555e-16
-8.371043224129673e-16
-8.371043224129673e-16
-8.326868853553791e-16
-8.371043224129673e-16
-8.371043224129673e-16
-8.415217594705555e-16
-8.415217594705555e-16
-8.371043224129673e-16
-8.326868853553791e-16
-8.371043224129673e-16
-8.371043224129673e-16
-8.371043224129673e-16
-8.326868853553791e-16
-8.282694482977909e-16
-8.282694482977909e-16
-8.238520112402026e-16
-8.238520112402026e-16
-8.326868853553791e-16
-8.326868853553791e-16
-8.415217594705555e-16
-8.503566335857319e-16
-8.503566335857319e-16
-8.503566335857319e-16
-8.503566335857319e-16
-8.591915077009084e-16
-8.591915077009084e-16
-8.680263818160848e-16
-8.680263818160848e-16
-8.72443818873673e-16
-8.72443818873673e-16
-8.768612559312612e-16
-8.768612559312612e-16
-8.856961300464377e-16
-8.945310041616142e-16
-8.945310041616142e-16
-9.033658782767906e-16
-9.033658782767906e-16
-9.077833153343787e-16
-9.077833153343787e-16
-9.166181894495552e-16
-9.166181894495552e-16
-9.254530635647316e-16
-9.254530635647316e-16
-9.254530635647316e-16
-9.2987050062232e-16
-9.2987050062232e-16
-9.387053747374963e-16
-9.475402488526728e-16
-9.475402488526728e-16
-9.563751229678492e-16
-9.563751229678492e-16
-9.607925600254373e-16
-9.652099970830256e-16
-9.652099970830256e-16
-9.74044871198202e-16
-9.828797453133785e-16
-9.828797453133785e-16
-9.828797453133785e-16
-9.872971823709666e-16
-9.872971823709666e-16
-9.96132056486143e-16
-9.96132056486143e-16
-1.0049669306013195e-15
-1.0049669306013195e-15
-1.013801804716496e-15
-1.013801804716496e-15
-1.0182192417740842e-15
-1.0182192417740842e-15
-1.0226366788316723e-15
-1.0226366788316723e-15
-1.0314715529468488e-15
-1.0403064270620254e-15
-1.0403064270620254e-15
-1.0403064270620254e-15
-1.0447238641196135e-15
-1.0447238641196135e-15
-1.05355873823479e-15
-1.05355873823479e-15
-1.0623936123499664e-15
-1.0623936123499664e-15
-1.0623936123499664e-15
-1.0668110494075547e-15
-1.0756459235227311e-15
-1.0756459235227311e-15
-1.0800633605803192e-15
-1.0844807976379076e-15
-1.0756459235227311e-15
-1.0668110494075547e-15
-1.0756459235227311e-15
-1.0668110494075547e-15
-1.0579761752923783e-15
-1.0668110494075547e-15
-1.0579761752923783e-15
-1.0668110494075547e-15
-1.0579761752923783e-15
-1.0668110494075547e-15
-1.0579761752923783e-15
-1.0491413011772018e-15
-1.0403064270620254e-15
-1.0491413011772018e-15
-1.0579761752923783e-15
-1.0491413011772018e-15
-1.0403064270620254e-15
-1.0314715529468488e-15
-1.0403064270620254e-15
-1.0314715529468488e-15
-1.0403064270620254e-15
-1.0314715529468488e-15
-1.0403064270620254e-15
-1.0314715529468488e-15
-1.0226366788316723e-15
-1.0314715529468488e-15
-1.0403064270620254e-15
-1.0314715529468488e-15
-1.0226366788316723e-15
-1.013801804716496e-15
-1.0049669306013195e-15
-1.013801804716496e-15
-1.0049669306013195e-15
-1.013801804716496e-15
-1.0049669306013195e-15
-9.96132056486143e-16
-9.872971823709666e-16
-9.96132056486143e-16
-9.872971823709666e-16
-9.96132056486143e-16
-9.872971823709666e-16
-9.96132056486143e-16
-9.872971823709666e-16
-9.784623082557902e-16
-9.696274341406138e-16
-9.784623082557902e-16
-9.872971823709666e-16
-9.784623082557902e-16
-9.696274341406138e-16
-9.607925600254373e-16
-9.696274341406138e-16
-9.607925600254373e-16
-9.696274341406138e-16
-9.607925600254373e-16
-9.696274341406138e-16
-9.607925600254373e-16
-9.696274341406138e-16
-9.607925600254373e-16
-9.519576859102609e-16
-9.431228117950845e-16
-9.431228117950845e-16
-9.431228117950845e-16
-9.431228117950845e-16
-9.431228117950845e-16
-9.431228117950845e-16
-9.431228117950845e-16
-9.431228117950845e-16
-9.431228117950845e-16
-9.431228117950845e-16
-9.431228117950845e-16
-9.431228117950845e-16
-9.431228117950845e-16
-9.431228117950845e-16
-9.431228117950845e-16
-9.431228117950845e-16
-9.431228117950845e-16
-9.431228117950845e-16
-9.431228117950845e-16
-9.431228117950845e-16
-9.431228117950845e-16
-9.431228117950845e-16
-9.431228117950845e-16
-9.431228117950845e-16
-9.431228117950845e-16
-9.431228117950845e-16
-9.431228117950845e-16
-9.431228117950845e-16
-9.431228117950845e-16
-9.431228117950845e-16
-9.431228117950845e-16
-9.431228117950845e-16
-9.431228117950845e-16
-9.431228117950845e-16
-9.431228117950845e-16
-9.431228117950845e-16
-9.431228117950845e-16
-9.431228117950845e-16
-9.431228117950845e-16
-9.431228117950845e-16
-9.431228117950845e-16
-9.431228117950845e-16
-9.431228117950845e-16
-9.431228117950845e-16
-9.431228117950845e-16
-9.431228117950845e-16
-9.431228117950845e-16
-9.431228117950845e-16
-9.431228117950845e-16
-9.431228117950845e-16
-9.431228117950845e-16
-9.431228117950845e-16
-9.431228117950845e-16
-9.431228117950845e-16
-9.431228117950845e-16
-9.431228117950845e-16
-9.519576859102609e-16
-9.607925600254373e-16
-9.607925600254373e-16
-9.56375122967849e-16
-9.56375122967849e-16
-9.519576859102609e-16
-9.475402488526726e-16
-9.453315303238785e-16
-9.54166404439055e-16
-9.54166404439055e-16
-9.54166404439055e-16
-9.497489673814666e-16
-9.497489673814666e-16
-9.453315303238785e-16
-9.431228117950845e-16
-9.519576859102609e-16
-9.607925600254373e-16
-9.607925600254373e-16
-9.56375122967849e-16
-9.56375122967849e-16
-9.519576859102609e-16
-9.475402488526726e-16
-9.453315303238785e-16
-9.54166404439055e-16
-9.54166404439055e-16
-9.630012785542314e-16
-9.630012785542314e-16
-9.58583841496643e-16
-9.58583841496643e-16
-9.54166404439055e-16
-9.519576859102609e-16
-9.607925600254373e-16
-9.607925600254373e-16
-9.607925600254373e-16
-9.56375122967849e-16
-9.519576859102609e-16
-9.497489673814666e-16
-9.58583841496643e-16
-9.58583841496643e-16
-9.674187156118195e-16
-9.674187156118195e-16
-9.630012785542314e-16
-9.630012785542314e-16
-9.58583841496643e-16
-9.54166404439055e-16
-9.519576859102609e-16
-9.519576859102609e-16
-9.519576859102609e-16
-9.475402488526726e-16
-9.431228117950845e-16
-9.409140932662902e-16
-9.36496656208702e-16
-9.320792191511138e-16
-9.276617820935257e-16
-9.254530635647316e-16
-9.232443450359373e-16
-9.320792191511138e-16
-9.409140932662902e-16
-9.409140932662902e-16
-9.409140932662902e-16
-9.232443450359373e-16
-9.055745968055845e-16
-9.14409470920761e-16
-9.14409470920761e-16
-9.232443450359373e-16
-9.232443450359373e-16
-9.055745968055845e-16
-9.055745968055845e-16
-8.879048485752316e-16
-8.96739722690408e-16
-9.055745968055845e-16
-9.055745968055845e-16
-9.14409470920761e-16
-9.14409470920761e-16
-8.96739722690408e-16
-8.790699744600552e-16
-8.879048485752316e-16
-8.96739722690408e-16
-8.96739722690408e-16
-8.96739722690408e-16
-8.790699744600552e-16
-8.879048485752316e-16
-8.879048485752316e-16
-8.96739722690408e-16
-8.96739722690408e-16
-8.790699744600552e-16
-8.790699744600552e-16
-8.614002262297023e-16
-8.614002262297023e-16
-8.614002262297023e-16
-8.437304779993495e-16
-8.260607297689966e-16
-8.083909815386438e-16
-7.90721233308291e-16
-7.90721233308291e-16
-7.90721233308291e-16
-7.90721233308291e-16
-7.90721233308291e-16
-7.90721233308291e-16
-7.90721233308291e-16
-7.90721233308291e-16
-7.995561074234674e-16
-7.995561074234674e-16
-8.083909815386438e-16
-8.083909815386438e-16
-8.083909815386438e-16
-8.083909815386438e-16
-8.083909815386438e-16
-8.083909815386438e-16
-8.172258556538203e-16
-8.172258556538203e-16
-8.172258556538203e-16
-8.172258556538203e-16
-8.172258556538203e-16
-8.172258556538203e-16
-8.172258556538203e-16
-8.172258556538203e-16
-8.260607297689967e-16
-8.260607297689967e-16
-8.260607297689967e-16
-8.260607297689967e-16
-8.260607297689967e-16
-8.260607297689967e-16
-8.34895603884173e-16
-8.34895603884173e-16
-8.34895603884173e-16
-8.34895603884173e-16
-8.437304779993495e-16
-8.525653521145259e-16
-8.614002262297023e-16
