8.392853199775703391e-03
-4.907713607940743933e-03
1.125424950090221643e-02
-5.279636622644823946e-02
-1.659681128683564502e-02
-8.733011887770437617e-03
1.424677261493127213e-02
-6.380464879642609374e-03
-4.091032886129316389e-05
-3.959325685142072587e-02
2.666054522050848377e-02
5.434849709267889489e-03
-4.048390999594508183e-02
3.100942881919638641e-02
8.152216979028159560e-02
4.727956889963210590e-02
-1.807736258270031121e-02
-1.777604728468612852e-02
-2.591491231750870511e-02
-2.052878488862032100e-02
4.929452966347175336e-02
-4.793944873884023461e-02
3.504338321337174822e-02
2.444948549867430321e-02
3.132636201790203745e-02
1.137530296591939038e-03
5.327219526128690102e-04
-2.172168548208675692e-02
-3.722574372365113071e-02
1.219285745737330728e-02
2.540780459139748218e-03
3.162123599866376034e-02
9.219261337531073700e-03
3.393363815355489310e-02
-3.409734833265130188e-02
2.257988393903823457e-02
-3.493138276870878106e-02
1.649908395779582301e-02
4.997235477331508913e-02
3.942548391724789297e-02
1.418582854642915815e-02
3.781181498406504388e-02
1.324016933708859964e-02
-4.329437343640533953e-02
-5.404008373142919069e-02
-4.442804714411914893e-03
4.578995547151325923e-02
-1.830198124150056449e-02
-5.085838652220749101e-02
1.074488330555277600e-02
1.902818386497526172e-03
-2.621320221620118338e-02
-3.731586936649065878e-02
-1.147874994511814163e-02
1.672891624499246721e-02
-2.602134967041475413e-02
4.099164133651429960e-03
2.744727944307572866e-04
1.742677146926227202e-02
-6.029205343889605662e-02
3.063486915420018594e-02
-6.997334164367899345e-02
-3.103909747701340954e-02
-2.761930056268448522e-02
9.337706981655349847e-02
-1.689459262414965898e-02
-2.164780313374984125e-02
-2.544759453041825839e-02
2.327555189479660943e-03
3.772297960371382569e-02
2.204335849530204144e-02
-3.008909247999720996e-02
-4.854908731026544300e-02
-5.856903094104005253e-02
-7.327154716533460822e-03
-1.287831843287323783e-03
-1.416245716952296840e-02
3.979391028366084312e-03
4.430192917857755236e-02
6.624245103269411905e-02
3.601639784409109424e-02
4.979911347837330526e-02
-2.174677724250639183e-02
2.093781484330975440e-02
-1.099519159742461116e-02
-2.048271596098065819e-02
-3.512939400773181647e-02
1.863959832184359025e-02
8.847498521165834528e-04
-3.117294574298339060e-02
-2.243634829692594135e-03
1.218438062960908175e-02
2.132115810348368776e-04
-2.396788374028113559e-03
4.044624532210022716e-02
1.461931494092176889e-02
3.308895995614601765e-02
-6.937446276916919841e-02
-2.772455729879997124e-02
1.813662148854619863e-02
3.714258876138636697e-03
1.319891257513300213e-02
3.148983123750481034e-02
-1.166616804106682115e-02
2.630760599161856630e-02
-5.222361472994054010e-02
-5.024882628235820617e-03
-1.781247902268311492e-02
4.516696174144460563e-02
2.133761302637696838e-02
-6.071989529665729321e-04
2.988901275168536625e-02
5.583384206692174750e-02
-2.288261145366158114e-02
-3.998774721072417826e-02
3.413778627144622296e-02
1.232699611880068088e-02
9.795182190037766273e-03
5.082137409453005988e-02
3.859503537282765046e-02
1.448563320459718244e-02
-4.744368111658506942e-02
-3.276557026238943043e-02
-1.714720376654513961e-02
1.712430250411963242e-02
-8.630062939828339261e-03
-1.943895286387227819e-02
5.038632596684461395e-02
1.818170906546873623e-03
-2.449694962201507537e-02
2.845437748283992374e-02
4.383734447115170130e-02
-4.272932073267976527e-02
1.389525221834532476e-03
1.601765874618665125e-02
-3.236421385562596176e-02
3.652072764482321848e-02
-1.975500044077352704e-02
-4.279930971951515298e-03
-2.544041382192843703e-02
4.185932217739901651e-02
-1.114047800122920998e-03
-6.409271761009120716e-02
3.250914399704640106e-02
-2.662109451447396830e-02
-2.822805281410951592e-02
-4.292016354290334457e-02
-5.914064998975480242e-02
2.848388427111205046e-02
1.848370933859935089e-02
-1.040735898477413053e-02
1.675215415627201096e-02
-5.076082252084054836e-02
-4.347079002349282101e-02
-1.751958535185486540e-02
2.348683434170850334e-02
-3.708666992386610434e-02
-8.503497188349074670e-03
-1.443909069281442727e-02
-7.604521672325004200e-03
1.039130459207539964e-02
-2.177842909102425256e-02
1.442126837466839798e-02
-1.010273314229613584e-02
-5.305230277974852526e-02
-5.301933184609063099e-02
6.193017152665401814e-02
1.275915197565806111e-02
5.236252677816387313e-02
1.541975702094597854e-03
9.486069282599613600e-03
-4.386571291444494453e-02
1.315444462360988937e-03
-9.313264624405197603e-03
-6.741309063632613084e-03
-5.580293282043353315e-02
-3.498294211828271993e-02
-7.536284543295734654e-03
-2.342319960360132736e-02
-1.693096246699109936e-02
-2.908492896508816511e-02
-8.272007038344032434e-03
2.837850840396983695e-02
-3.059575991466481105e-03
2.018283464935173924e-02
-5.785881752378612200e-03
1.064928307239376183e-02
1.984480918614650764e-03
1.587802327456971615e-03
-5.086688808287483793e-02
-2.371447236221662508e-02
-5.630558984540342399e-02
1.730317741107394950e-03
-1.342472496559368733e-02
8.431578341122429252e-03
3.888741283301562490e-02
1.373301283942011605e-02
4.813043542010263937e-02
2.981895370799199363e-02
1.699927275725245102e-02
-1.830407775147906493e-02
-4.086500284124670868e-02
-1.694484312904418963e-02
1.430526555987963327e-02
2.603911699229015733e-02
1.726311289147820088e-02
1.670590439320062542e-02
2.593388018317913796e-02
5.776836338592496178e-02
-8.741937385681719172e-03
-1.403069281067786424e-02
3.005373479971909425e-03
-6.034058077859966174e-02
-1.121056416215333168e-02
1.165300737134894633e-02
-2.371276643023572522e-02
-4.035436282289877469e-02
-1.537359253162151086e-02
-3.849014148425861873e-03
-1.983292190990526907e-02
-3.604932011523766244e-02
-2.487965645403419565e-02
1.447418721450600791e-02
-1.377699030632869963e-02
-5.876930209224296570e-03
1.157638167991958955e-02
4.485746309163356899e-02
3.217075537501351383e-03
1.787923921482682463e-02
1.302523168644565722e-02
1.876480321611179863e-02
-1.481866228733861798e-02
-4.704656029594161959e-02
5.911970024929656328e-03
-1.486626434077647184e-02
-1.833804547747571595e-02
6.949478549577745023e-02
1.720670976126566611e-03
-4.666142000725228417e-02
-6.473003821990432061e-02
-4.052863187806825945e-02
-6.774777184864726881e-03
-2.522933163257866027e-02
8.377256512455402357e-03
4.952104299366937024e-02
8.823964500284883078e-03
-2.960577543274380604e-03
3.988211246875623950e-02
8.062434694977139993e-02
1.469647036770738331e-02
5.851761881093889978e-02
6.060049362977099063e-02
1.644772063838852161e-02
2.781098278767171316e-03
-3.076585030729450665e-02
-5.449051495897389019e-02
1.227897780972609168e-02
1.175355922513242161e-02
-1.906475869517521363e-02
-3.128424006930092399e-02
-2.873187039903285847e-02
1.840808182124171327e-02
5.010042327872174517e-02
3.989493399855353201e-02
-8.753322341395608844e-03
-5.605593204229954857e-02
-1.552804081224995990e-02
3.378124157946434114e-02
-4.357157313327561662e-04
-2.873976414594349438e-02
2.691961393888072859e-02
8.318117795070099907e-03
-5.382950336131513830e-02
3.195385733819307988e-02
-6.325323789361098070e-03
2.189187327857528356e-02
-1.646260873508846242e-02
1.537093174446568311e-03
-4.832034023896510447e-03
2.214224863018560141e-02
-1.190655597947100700e-02
-3.496359010807536388e-02
-5.214236063811050065e-02
-1.783911494788781998e-03
-1.126320593198605266e-02
1.288906980623231134e-02
-2.385477178779952384e-02
2.514740166377574596e-02
5.722826546364091771e-02
2.424887666033385611e-02
5.422719167883886110e-02
-3.842221067128885614e-02
-3.264489478594430338e-02
5.619074762998357148e-03
6.862359604778989208e-02
-3.195787540168405771e-02
5.430973011496967318e-02
3.362779854418321973e-02
-8.553543287921254804e-03
-2.012505056062019113e-02
3.759624790919063875e-02
-5.290185567938433461e-03
-7.037793366096292691e-03
9.028053522904734996e-04
-8.400341577038231838e-03
7.820128342085296003e-02
-6.999429323811738601e-02
3.612734238804694159e-02
4.967700678716117620e-04
1.670351125159850320e-02
-3.752570510603072534e-02
-2.161446949333087342e-02
-1.966765257528099633e-03
3.491075046859242609e-02
-7.010733370062663568e-03
2.045544804146897169e-02
3.537131170578656364e-02
-8.766214475023622471e-03
2.153000102988615258e-02
1.132697706500683174e-02
-3.370356895463615110e-02
4.855920072337240739e-02
-5.199479409767909094e-02
8.640871445912691809e-03
-5.091575784599266727e-03
1.830056846627573300e-02
-5.157978540515180399e-02
-4.400370622930547398e-02
-4.183411734535824600e-02
-1.663435534224870851e-02
-4.173606302100130346e-03
9.471027446214672768e-03
2.935502485529527597e-02
-6.271697737639658245e-03
1.445369735478256416e-02
-3.938126736017496382e-02
2.567973477490026468e-02
-2.176562313130793458e-02
1.285548887054987349e-02
-1.051027384653293456e-02
1.022859965495796254e-02
1.199303331467123368e-02
1.140359331266458135e-03
-2.888545905783583556e-02
3.050540922771537156e-02
1.860182282497586242e-02
7.109891347387428846e-03
1.608145590281858522e-02
-5.720686109287902860e-02
2.695250073018075343e-02
-4.036499612155736161e-02
-2.737421457257829469e-02
2.576679050523275269e-02
-2.328897801010952617e-02
2.220614027634124771e-02
1.255831470798864959e-02
-6.279108238705022327e-02
-6.271461049387499175e-03
-3.215952382436441936e-02
1.318314661440168206e-02
1.193143520681613605e-02
-1.414162108950629826e-02
-4.982349655890699197e-02
-2.940792743890109640e-02
-1.777605470308474614e-02
-3.425083363815777104e-02
8.130669592841857640e-02
-9.939967993668554630e-03
1.942155342262617129e-02
4.846582231832807092e-02
2.481849079016133774e-02
3.328510232737254271e-02
9.462743554103595495e-03
-4.558340868950524344e-02
-8.354313390086550231e-03
2.381011905504156964e-02
4.156986711949496593e-02
-2.997424191017851458e-02
4.528978104644121837e-03
3.046189456820470529e-02
-2.886588130841179559e-02
-9.971806417606564332e-02
-4.429381741139197526e-02
1.563814935180948829e-02
-9.805633557432989755e-03
-4.265320065829394935e-02
1.145372877468172745e-03
4.182455252178578914e-02
4.749734267435699875e-02
2.787671642232224592e-02
9.309087630461954088e-03
2.568861576541978456e-02
-1.659719261490159511e-02
1.019222529078449638e-02
-5.616574732797661312e-02
5.185990888006736244e-02
1.018529934836588571e-03
-2.321744689995822175e-02
-2.766036547356730615e-04
-6.709773596776581750e-02
-7.542617513252074246e-02
1.955224906358932549e-02
4.639853284305654052e-02
-1.871810801440959571e-02
7.112260531816813613e-02
6.033958495633889689e-03
4.215226079970971554e-03
9.362712668323480356e-03
-2.583453740160518777e-02
5.111815938184356006e-02
6.299126928659901092e-02
-3.896034798134020982e-02
-2.652973354117087179e-02
-2.697008629106605396e-02
5.873205684974579233e-02
-5.858200377206235904e-02
-2.284584877984297685e-02
-1.886254343727949978e-02
3.797485885307950396e-03
3.474008648822463768e-02
2.759131414098508345e-02
-3.938267990281022618e-02
2.986207287761247220e-02
-6.233479901587248538e-03
-5.524699483914022324e-02
2.080457315742604771e-02
7.409860780507603745e-03
1.380122114645748049e-02
-4.547239215839443682e-02
-6.256788648521659224e-02
3.950604168057236451e-03
-1.181597412141516777e-02
3.397357261866273265e-02
2.538876215192867672e-02
5.123334325215911714e-03
-5.931278986129651792e-03
4.866631904345258136e-02
5.188220144262779832e-02
4.621073479614166979e-02
2.609277578497700908e-02
-2.063985606682199742e-02
-6.158753813314021483e-03
1.010508233253618396e-02
1.949193681501761380e-02
4.910095513439369230e-02
-2.922547022157322497e-02
5.317354867730245994e-03
-7.607270335092039364e-03
1.647019712566156341e-02
-1.084189995123226342e-02
-2.428581928841811247e-02
1.929720693209984600e-02
1.917286439868203310e-02
1.371070266948035826e-02
3.690696714313051324e-02
-2.954616017112452267e-02
-3.830894192259619996e-02
4.079736736336839892e-02
2.478454511749432487e-02
2.899272026207804984e-02
7.874950369958486074e-03
-3.349889677790537923e-02
-6.513035126073232067e-03
-1.137849545526667394e-02
-7.181036138656757273e-02
-3.048186197831296781e-02
3.849528194833927441e-02
1.394085118582222282e-02
-5.566767398210930445e-02
2.475160439758995398e-02
-2.034395642233059048e-02
2.141906721954704631e-03
-4.400034764700989920e-02
6.106797204603330725e-02
2.938729228993199744e-02
-3.222968867222896633e-02
5.338282665801259708e-02
-1.974973962837178049e-02
4.126223382248421501e-02
-1.036104086805757912e-02
-5.014004968651327408e-03
-4.822671528286942566e-02
9.223254873397361553e-03
2.902688677113532748e-02
-9.278437114476384417e-02
1.957006593260942826e-02
2.473214133078281349e-02
-1.162959245195184683e-02
-4.928656568998407428e-02
-1.002804838075975827e-02
9.457350438508325356e-04
-2.527361868874562767e-02
-2.109486448529356711e-02
-6.791539882543063886e-03
-2.020687924896329840e-02
3.800776030647050070e-03
-1.851485365045637752e-02
2.178093154704140860e-02
1.002021246964795859e-01
3.722339555932425298e-02
4.063042804817114211e-03
5.173363410418110354e-03
3.027682752045944906e-02
4.203632008571647066e-02
-2.481364768703852100e-02
-7.928610702702556731e-03
-6.473829474245081095e-02
-1.014364376809849116e-01
-3.355765309270575952e-02
3.712228109567881820e-03
1.186144059237462765e-02
-3.191052060814947300e-02
-1.022366891643885535e-02
-3.420948495035330134e-02
7.061599158666873911e-03
3.558657811468631665e-02
-4.868311778272584739e-02
-5.965124943681932718e-02
-4.578264987413084748e-03
9.658439108902419634e-02
-1.531117310466469789e-02
2.705214202491316999e-02
1.948363467773754631e-02
-4.729080456987081599e-02
5.199515636971613342e-02
1.623235242888306298e-02
5.193786671106834923e-02
5.642873579329678313e-02
-1.795154724510142352e-02
-8.998681443912363159e-03
-3.459631204994671749e-02
9.446445549424189667e-04
6.155504307604117015e-02
2.658952985222623813e-02
-1.378332094923943874e-02
-3.680990609024982485e-02
-6.471337965143154902e-02
-1.540765019130060573e-02
-1.101871972025251362e-02
2.288133011277871526e-02
5.162984372336542477e-02
2.044732364627771526e-02
-1.712034608403636970e-02
3.919282801662768434e-02
-4.913441546501692153e-03
1.391542916479758703e-02
3.616437900042461517e-02
-7.977326096726289340e-02
1.827521842710391753e-02
1.075171251033343617e-03
5.982201959052269383e-03
1.717173479379939527e-02
-1.412069305537683693e-02
-1.487705717410370450e-02
-5.995322284023094778e-02
4.340156913988243298e-02
-2.452845242090929967e-02
4.255556623038101588e-02
-2.994363219723378960e-02
-2.831298357137923289e-03
-2.879171930548054051e-02
6.114511745818456551e-02
-1.848182236634561548e-02
-2.373109954312851988e-02
-5.180590231429671455e-02
-4.514379079567083092e-02
2.235022107324996510e-02
3.912649530424735372e-02
-2.985603623084055139e-04
5.118891802671313510e-03
-3.388077835560859841e-02
2.946207918803131834e-02
-5.186074540677922812e-02
-4.517435682278499176e-02
7.577965120070008498e-03
-5.642087398811487797e-03
1.472471944504312284e-02
4.376943741195740700e-02
-5.253149738371123284e-03
-2.516761444542453541e-02
-3.874524247983773817e-02
1.048364855190340832e-02
4.164966496134817064e-02
4.730004889221249564e-02
-3.061074537958277317e-03
-2.777787441249148209e-03
3.580409729423340154e-02
2.856941684092182202e-02
1.976320794107862266e-02
-6.539156362656063128e-03
5.993951159957451764e-03
2.057058100043466717e-02
-1.495650708127580115e-02
-5.322992904291638447e-03
3.055613338591933997e-03
-3.334972719935000440e-02
-6.110375740624146568e-03
-1.481412951495821549e-02
1.965489188234921525e-02
-4.536631798541272687e-02
3.152815371009005940e-02
-2.327502504808715705e-02
-1.324525998193979738e-02
-2.277525994264488138e-02
-5.584132443861128739e-03
8.283322122799965589e-03
-1.635294913943793199e-02
4.904939967196793316e-02
-3.384680809650509117e-03
4.430929357169429567e-02
-3.404971701832903291e-02
-4.123235268940383946e-02
-5.057720754850610761e-02
-1.420583370424464108e-02
-2.135604667477653679e-02
1.348292516700076195e-02
7.096942514993833349e-03
-2.199637392104096534e-02
-1.718565811608081459e-02
5.560039930555608217e-02
5.141342481855450813e-02
9.217521680600934339e-03
-1.829805866192119740e-02
-1.675505159421422988e-02
2.311432257247835256e-02
-8.074608843867209229e-03
6.241425867742656473e-03
-2.088383468037829233e-02
-1.610657944330094390e-02
7.068170571017373498e-03
-1.746807835196587805e-02
1.019010991063427733e-02
1.352554253414955943e-02
-7.489446500351583380e-02
-2.763282540557150321e-02
1.055631889138687329e-01
2.109387274667179693e-02
-1.516032214844464585e-02
6.075062089043072044e-02
9.669912953732701447e-03
2.361470159009209854e-02
4.981647025699859066e-02
-2.377132151088342735e-02
8.945721233039929596e-03
7.405276340800359854e-03
-3.955589441099332387e-02
5.816185338506798391e-02
2.984665431517492806e-02
5.537338033177484353e-03
-4.513814759711578910e-03
-4.139107557113309160e-02
1.844472883454499655e-03
3.805738915633640439e-03
1.782982524622631418e-02
-9.388595373176244693e-03
6.861644073287636060e-06
1.692137372020488008e-03
-4.694858617077000279e-02
9.572341627733996564e-03
-1.665339920963989154e-03
-2.007836657606760014e-02
9.117120620680966084e-03
2.088968599141071900e-02
4.247229542809757841e-02
-1.334700005610686170e-02
-5.827432417229569048e-03
-2.332409989471719014e-02
-4.609958263080535593e-03
-1.222218551717170303e-02
1.250892647107029049e-02
7.456494522905743154e-03
-6.633583296817811836e-03
5.526797710646997458e-02
5.860868932838480920e-03
3.388319215237865084e-02
1.081564690419839839e-02
-6.071033821813167503e-02
-7.942996936625331891e-03
-3.125434717285259512e-02
-1.545855550302213839e-02
-3.060397045446307598e-02
-2.363041430776827156e-02
1.152423385125753326e-02
-3.789388295011213853e-02
1.079136080176824018e-02
-2.334314056686499772e-02
-1.812388877301073301e-02
8.799698193812259539e-03
3.529938660782086512e-02
