4.267405957807619138e-02
-9.925553264549644497e-03
-1.698019516083336955e-01
-4.896956361834221144e-02
-1.696958162925268909e-02
1.032578195855849285e-01
-5.266755027303254150e-02
-9.254849508003459499e-03
-1.463792028871341022e-01
1.471374845151220689e-01
7.693045566168827017e-03
7.535242380295137550e-03
1.315505446610852613e-02
-4.465937844498388265e-02
-6.044693051254173936e-03
-6.714111136513827016e-02
8.349301586258474003e-03
3.667619315722055184e-02
-1.220161817930320858e-02
-9.779177529597295193e-02
-1.134362632030294776e-01
2.031946823729455787e-01
1.097158348619703960e-01
3.627308211875465704e-02
7.159021006929730535e-02
2.279841110255481987e-02
-1.065734045451684209e-02
-1.089676276538504157e-01
1.663369362914365046e-01
6.253848932756475576e-02
7.200082230730669997e-02
-9.788029005422728412e-02
-6.594326568933976673e-02
2.117341247137043830e-02
2.689103033320626793e-02
-1.855456778032813503e-01
3.145331825361601455e-03
-1.597562109490275883e-01
-5.130147418836746714e-02
4.862900799244779249e-02
6.195426713943974484e-02
9.041883112418386270e-02
-5.770022018562237336e-03
1.305653589902087686e-01
-8.615333368195716990e-02
6.934800711240043936e-02
4.100623876650587481e-03
-4.119172406490605176e-02
8.891392998802154224e-02
-6.653865289858953980e-02
6.673151806586771762e-02
2.787813690193539223e-02
-4.925440083723471585e-02
-7.131706401420140860e-03
2.073560339577415479e-02
3.372947878121786928e-03
4.936395257996101932e-02
4.490739652666581733e-02
6.831181604148989228e-02
-6.379841825315386850e-02
-4.190122720290983399e-02
3.259271144304286272e-02
-3.578370791971866721e-02
7.209049841189103802e-02
-7.174017606047326800e-02
1.032659270470560747e-01
-9.308086117175670346e-03
9.206416154035260146e-02
-7.144330370062053348e-02
8.739382647194426923e-02
-3.658192940055673276e-02
-2.358191445801229719e-02
1.729525944643747412e-02
1.026751000911208661e-01
7.140848200701907511e-02
4.751594816201360622e-02
-1.962535168037275735e-02
1.629964643858814732e-01
-1.246615022172488096e-01
7.360962949583629844e-02
1.355137128840410710e-01
4.820557727540303317e-02
-1.041716338798268950e-02
7.098819366015331200e-02
-3.750380256037780941e-02
-1.928790685150155032e-02
1.465454097111097351e-02
-4.025695426145742273e-02
-7.697618619526794270e-02
-1.928915555655948133e-02
3.775686180509181533e-02
6.044270010148812544e-02
-4.190481606742060827e-02
6.264605076655510411e-03
9.226588061782111522e-03
2.006918887819280142e-02
4.615137070784327417e-02
1.029351714499435883e-02
-5.909327600874744041e-02
-6.569791083763383555e-02
-4.064291686225009193e-02
-1.380802861243354551e-01
5.718390644355877267e-02
6.508003798116632210e-02
2.054473672726115849e-02
3.744307087205752532e-02
6.635207891167702737e-03
-1.140178135656347291e-01
4.235029978153002223e-02
-7.833407410167539386e-02
-1.075147210472852249e-01
2.422081505603205717e-02
-8.106447134727683135e-02
1.049156012466668890e-02
-9.454325076201984535e-02
5.648756880937923219e-02
-9.843718849664898074e-02
-1.158667073944086127e-02
-7.188137186888439445e-02
-1.230565208198877193e-02
-1.677340337838638049e-02
-9.198495508150995870e-02
2.630986504921557431e-02
-4.651074152065284243e-04
7.634212492891724600e-02
-3.258150471597244524e-02
1.370712685212139847e-01
7.691119838449203550e-02
-7.676200967108783892e-03
3.973154021171972083e-02
-4.158850973202597029e-03
4.224484944911026385e-02
3.192013266924905411e-03
6.194010416679643360e-02
-1.197689886160051842e-01
-1.071050884063983605e-01
6.019790236224571017e-02
5.153282005256341891e-02
7.117157065049356524e-02
-7.442594843189201392e-02
-1.379219858085010096e-02
-5.444782557599660983e-02
1.247324684011156225e-02
3.349525526805727238e-02
2.902078016464583465e-02
2.666536323599316000e-02
1.035706182677318676e-01
6.565696923736864810e-02
9.002286584406134218e-02
1.028182771413329311e-01
-1.830043709303245600e-02
-2.009025154508065764e-02
3.135538273629525502e-02
-5.117773006833432892e-02
-7.953709513651287255e-02
4.208520652305264287e-02
-1.003848350228785796e-01
3.135805296793806041e-02
7.595727979742805669e-02
-6.048659075469435542e-02
-1.261432859502944204e-01
1.751104607794955821e-04
3.890167515686535765e-02
-1.163283776403297061e-02
-6.725432432872267829e-02
2.525560776196008467e-02
6.161635501908577575e-03
-3.111599638399059620e-02
-1.688167244906079584e-02
7.341663917164252540e-02
5.200424033538024460e-02
6.241254033720033262e-02
2.773919471271515252e-02
8.596680962403439874e-02
4.976965482822377773e-02
-7.217292121642648883e-02
-8.926760510373782376e-02
2.550441232538530958e-02
-6.650159008636165325e-02
8.563043275011109068e-02
6.058025990554878615e-02
3.642898096784256967e-02
-1.466616973115760121e-02
1.165932637104694497e-01
-6.246659104476882940e-02
-8.491096510075317461e-02
8.226379176341886215e-03
-3.200244971238434821e-02
6.821737010157370718e-02
-5.543595597727127983e-02
2.413531283279819750e-02
-3.946435829580469123e-02
-3.865881054556089685e-02
6.833980708052721231e-02
-3.764274685740950921e-02
8.350429614744876022e-03
-1.580929694744501526e-02
-3.988860813429077889e-02
4.794265646237195512e-03
-8.987776661019117319e-03
7.247682076291379547e-03
-7.990446979841085706e-02
7.556250169040182318e-02
-3.106512247112979200e-02
-3.983877543674778365e-02
7.946582318441725024e-02
9.381630056687753627e-02
1.662281390029692052e-02
1.160341426924610259e-01
-1.964074873898326301e-02
-2.767571687222115245e-02
3.982042220688395556e-02
-6.248232792740711361e-02
-9.824568420938326052e-02
3.323580731014382644e-02
1.414070245842662943e-01
5.702104824424399782e-02
-3.566895442066802396e-02
-5.717991647994665610e-02
-4.265228645715727490e-02
-1.941974665415178991e-02
8.467243442091548777e-02
6.236511933190871243e-02
1.086498475212013121e-01
7.322252838470380554e-02
-1.832499300816156987e-02
-3.283255891889466649e-02
4.154521255365178217e-02
2.806871149931616793e-02
4.910666476792924229e-02
1.171510435035650992e-02
-5.419689291287201754e-02
-8.387006922564060885e-02
-8.198821994486216180e-02
-3.633817759133586150e-02
-1.932886286042492796e-02
-4.807537236799949015e-02
-2.190877140764115050e-02
-6.513729244716404132e-02
-6.353662866289556954e-03
4.819379635641228565e-02
-9.022683209185814596e-03
-5.228090048181480154e-02
2.828417145673679800e-02
6.963895131049026299e-02
7.275091174627715089e-03
-5.959503592447801951e-02
-1.278997359200751693e-01
-7.898167637204948910e-02
1.998927829203499262e-02
-5.095246559079444348e-02
-1.404516541295203202e-02
-1.300964428806110074e-01
2.228768414643617080e-02
7.124045860647651440e-02
8.900586071071133615e-03
-4.154918459231121686e-02
-7.710104334411060911e-02
-7.800964392869431940e-02
-1.175775869138342674e-03
3.427426225516256447e-02
5.198760367866235577e-02
-7.374202652514042639e-03
-6.651739483658890284e-02
-1.042833405303940364e-02
6.645486731836416916e-04
6.069470342549758424e-02
5.785869196351765137e-02
2.327225646413456916e-02
-8.579765070059003351e-02
4.485729813132832006e-02
1.046324372878745940e-01
-8.091747879470288091e-03
-1.298350539646829782e-01
7.958271316163606501e-02
-7.047820203801587365e-03
-5.607715765819051151e-02
-6.828772855261652786e-02
2.608632224904737507e-02
7.858410823414073432e-02
5.320181723771194582e-02
2.310524361434987406e-02
-3.678399934048837833e-02
3.641186201977596876e-02
9.902824315113201159e-02
3.244273591144235941e-02
2.235990149504058985e-02
-3.163744512227920080e-02
-5.200161880765120231e-02
-5.591324908892102846e-02
-2.647466570129704093e-03
-3.007106845567295017e-02
-2.762903870636175541e-02
1.418139682576532168e-01
-4.511712915718956579e-02
-1.902909710428447518e-02
1.115155707547721281e-01
1.103794092924654524e-01
-1.224409806171528475e-01
1.454053611306671198e-02
7.351167729799043538e-02
1.185237414441459997e-01
-6.100183352692633426e-02
-3.930442696282969439e-02
-1.518839111268902864e-01
1.487260764414022052e-01
-2.870483829479266238e-02
-2.153982078233582578e-02
8.522113823794671972e-02
-7.346021594113250064e-02
4.650803578773058354e-03
-2.743226776427316535e-02
8.346670676412071277e-02
-1.029778271696790010e-01
6.837984920267417555e-02
-1.032217801595742834e-01
4.049340513216885887e-03
8.119715107747521587e-02
-3.948665275886579368e-02
-1.754536918955177174e-02
-1.453111512033848293e-02
-3.150408602073302006e-02
-5.680681770563555943e-02
7.844595978564959660e-02
-2.668122596437012394e-03
-7.005791444665884771e-02
-5.148713810428926646e-02
-6.211838498931422647e-02
1.733880389055886956e-02
4.300510193967349570e-02
1.168424246549903817e-01
-9.140090548187329578e-02
2.078029653792012182e-02
7.247261698266488361e-02
-6.321686668140897615e-03
-9.336791721628651120e-02
4.321473477468525809e-02
3.473870696723589668e-02
-2.922027199085907440e-02
-3.407769952580725487e-02
-1.582474585069078565e-01
-1.101127523549497444e-01
-4.965887583726150134e-02
-3.794240690672563698e-02
2.894045617014762845e-02
2.585477861944447675e-02
-5.702584457536873097e-02
8.244815960217204143e-02
-1.040234640079529260e-02
4.169144334065054414e-02
2.528697891594932842e-02
1.370458684149901581e-02
3.386168934086456611e-02
2.750086126096859193e-02
-9.085070000512936172e-02
4.877011938533940688e-02
-5.189259942926487124e-02
3.563193106085740108e-03
-5.519823999042204610e-02
2.504945831706398632e-02
-5.303711443149167898e-02
3.602270645776640967e-02
-4.060221798830521145e-02
-4.183411280019333489e-02
1.045017378490414039e-01
5.623817512127651796e-02
-7.432421940475213151e-03
1.788252610573084350e-02
-4.974007655564546132e-03
1.162794565134570371e-02
-3.431616767181100425e-02
-7.416672666180935958e-02
-3.463658595796026418e-02
-2.134935109258517469e-02
-1.576303588504577788e-02
-3.490637513067754161e-02
-5.434458385842491634e-02
-6.796087240585096945e-02
-9.392918126549032465e-02
1.500901629883047948e-02
-3.347300925357130086e-02
-3.729314197349221233e-02
2.326380689851058337e-02
3.531865241919365100e-02
-3.398352535649255953e-04
-1.332458386910347937e-02
5.273759696514292855e-02
-2.619575001493462674e-02
-1.172688165141069633e-01
-1.579481377697592448e-01
-1.577777610465959032e-02
-7.020167513608507187e-03
8.178872556770942770e-02
-6.798902590721490891e-02
7.275203045670824986e-02
-1.083231821362104358e-01
5.300947768376357283e-02
-8.523109323812490257e-02
-6.795987209674758667e-02
-4.662610551803597625e-02
-2.704104077871206588e-02
-3.874666461923568367e-02
2.910486021101698142e-02
1.193953398266948615e-02
3.174298142252493082e-03
8.847002837819260834e-02
-3.088447209262323509e-02
-3.095277862418297984e-02
2.162201450447621617e-02
-5.927214640227684850e-02
5.627933337111853257e-02
-7.648972339924588193e-02
-9.864051254768450849e-02
-4.165049647679208711e-02
-3.780044283083256601e-02
3.293189963858230568e-02
1.465891977496276352e-02
-5.172104155519440666e-02
-2.226606920356261413e-02
-4.622978896780338687e-02
-2.261473423415565585e-03
7.478885233575258140e-02
-3.103198397348781029e-02
-8.851874166426494661e-02
3.376256653278356806e-02
2.133225323136483595e-02
-6.535270715951521647e-02
8.701220336626571197e-03
-1.501285296311573834e-02
-3.435854302375710573e-02
8.542655705220075779e-02
-5.277873255580896317e-02
-2.286295732028100977e-02
1.649777033306049773e-02
7.794066522977932676e-02
3.503039128791067547e-02
-2.225068824822167002e-02
-8.411385766242908402e-02
1.870819137294575663e-01
-1.275678781541338402e-01
9.724595008019598641e-02
-4.194874431868683695e-02
4.026383773787541032e-02
-7.557691242153240230e-02
-2.200741780351535282e-02
-5.638992712571024718e-02
2.039979769624263375e-02
-2.957247893403528588e-02
5.416036425066968196e-02
-2.067109608583510630e-02
-2.342738313263867736e-02
-1.269930047731102248e-02
2.055199824654445687e-02
3.821311255050026390e-02
4.815367908630289323e-02
1.128175442677625540e-01
-8.502457294394871745e-02
-8.654920214735457471e-04
1.473432234532602927e-02
1.012889949671368084e-02
1.121109075696172935e-02
-3.625804477429258460e-02
-3.078020174986617966e-02
-6.606500497874896738e-02
5.227202416796650902e-02
4.250439788235567048e-03
-3.190569501069027286e-02
1.876605256780125575e-01
7.167611685430672064e-02
1.119407413570784049e-01
2.450367436116671765e-02
-1.789551812429890712e-02
-1.197157277152729148e-02
1.625568769792870572e-02
-7.880888195095601956e-02
2.467678907761113385e-02
5.340515019912692694e-03
-2.616416211152843355e-02
-2.040232823143862950e-02
-5.770272187779537654e-02
1.308141510899819560e-01
5.045036410675506761e-02
-4.053079925770239778e-04
1.233884994036914609e-02
-7.399927736140694823e-02
-8.076059486568589905e-04
1.046547747935547140e-01
9.430187440349227165e-03
-3.919624654045285317e-02
-1.139253047382898371e-01
-4.821642708270674864e-03
4.637358233088611364e-02
3.574350373342478904e-02
6.859447665510823300e-02
2.323187244302572958e-03
2.504101993792217165e-02
2.052036285369918112e-02
8.725600494556250142e-02
8.292015865535729002e-02
4.489874465000160547e-02
-4.600127112458530197e-03
-6.982126784000718123e-02
-8.571716139009805113e-02
-2.668566024442292628e-02
7.194792121571370880e-02
-4.093794916570645676e-02
2.216095408783215134e-02
9.444908886158833936e-03
-3.203414120517936170e-02
-3.851758261399618882e-02
-4.413117737713847383e-02
-4.649732604099171031e-03
-1.590205617449555377e-03
-6.298027148688270516e-02
9.606718934457768311e-03
-2.686806485424994215e-02
-4.669794988009003806e-02
-8.422521961410948943e-02
1.224329756351470386e-02
-9.655669389554717708e-02
-1.020131425732506009e-02
4.748171116474489417e-02
1.787074793230549949e-02
-4.703685884572478965e-02
-4.942355558726685416e-02
-8.538862187257392766e-02
-3.045347146773981148e-02
-1.556041937945674969e-01
-1.122973989539647610e-01
3.405410184894930303e-02
1.169648554484047347e-03
3.834280456823293409e-02
-6.883297463639927172e-02
2.965720382170784764e-02
7.201501925114334179e-02
-7.662411193064389003e-02
4.368975995060203621e-02
-5.215713365759430675e-02
-5.415912578684310003e-02
-5.345000824733692896e-02
1.045903000599069169e-02
1.376575801388630338e-01
3.260063919802339005e-03
-4.125476586286658948e-02
1.201912188320327368e-01
5.842186872597302655e-02
3.848495908296570289e-02
-6.915437538236475501e-02
-6.103372312907243830e-02
2.462717529677871386e-02
-2.050157885942606104e-03
7.479214314546414610e-02
-6.518904220759026702e-02
7.611433789377576586e-02
5.169731448270171309e-02
1.527852969155408039e-02
-4.489175032939588667e-02
-3.767346360556465129e-02
8.206901990943621383e-02
5.940338983365294617e-02
4.900167124284993819e-02
-8.559907695542623429e-02
-1.518481674937727927e-02
-2.620302930077171924e-02
6.788704609842817483e-02
-9.896402304467609434e-02
1.071440290230794984e-01
7.413497802732627040e-02
-4.892091985954410450e-03
-9.764692176616823760e-02
3.757855186734032626e-02
-1.718515140182376444e-02
6.568543723648226362e-02
5.342390889705335433e-02
-3.903323210508703039e-02
-5.888974854151393656e-02
-5.753902081086045188e-04
2.849839997592266451e-03
-8.753411550576062350e-02
1.886501343426887078e-02
-1.084336580340525547e-01
-3.782735317071645592e-02
7.068395207947643366e-02
3.887806958455451711e-02
-2.211642460042024388e-02
7.926510657028817963e-02
-6.188791532929470429e-02
1.196952631782719073e-01
-9.354410842110728874e-02
-2.309261627917708753e-02
4.568615089214066172e-02
-5.601310348200073258e-02
7.809738347292496941e-02
-1.824289123305125257e-02
6.518711574072572068e-02
5.673881942984703580e-02
7.940876440503497058e-02
7.638892297174196266e-02
2.020916288224524487e-02
7.035806705498086344e-02
-1.007040404377176068e-01
-9.959596218029961867e-02
1.532229866140128599e-02
1.485658201872178640e-02
6.051575643320826481e-02
5.335180566499091864e-02
2.738051818078489699e-02
3.573695562821967153e-02
1.877685766577311816e-02
-4.983755464359571757e-02
-4.054113540045473085e-02
-3.585574197676408975e-02
5.031883815468610188e-02
1.468096652088914378e-01
-2.642380891174477345e-02
6.091167481755119933e-02
-1.993527475403338717e-02
3.610572010692053579e-02
-2.763217778982643077e-02
2.158108866415735239e-02
-1.397242149032972558e-01
1.008565789011802022e-01
4.565563837921451928e-02
2.412842743988103528e-02
4.889451809008532601e-02
-8.769321706445601730e-03
-1.331091068342968179e-03
-4.453886968848162070e-02
-9.566724586687906651e-02
3.273246768596644392e-04
2.346797415035999784e-02
2.031048699275012775e-02
4.308494506814584263e-02
-1.682785924030562319e-02
7.823721304117474407e-02
-1.874567556097164397e-02
1.137487557124074455e-01
-1.126769751404596148e-01
1.057481547110234177e-01
1.299925546731001353e-03
3.292632982462670443e-02
-9.553713940201667698e-02
-9.690700765643103787e-02
8.242566560222970573e-02
-5.779769375218102301e-02
1.068985981416153003e-01
9.366461462455549086e-03
3.884487006457481434e-02
8.739601918878379949e-02
-4.964431825617663524e-02
-1.642243739733623836e-02
-5.490012252536233955e-02
6.382894568027885907e-02
1.680480961876941459e-02
8.351895271290482592e-02
8.532558716071836358e-03
-2.860016858382893878e-02
-1.090999226836677355e-02
-1.459708810249173427e-01
-4.938410553980280421e-02
-5.458577933057755932e-02
7.062346012692416464e-02
-3.357601939336210539e-02
-1.218412926271236901e-01
-7.797977215892777647e-02
5.029265608202995556e-03
7.526340115538764086e-02
-1.383113083212026417e-01
1.165339408947435734e-01
4.505345220719773197e-02
2.211088507543512369e-02
-2.970621896863324604e-02
9.504114831914588224e-02
-9.024702872060746950e-02
1.103121757266305181e-02
5.769919644926434915e-02
3.503132857419833518e-02
-9.684782645008407909e-02
-5.577235087900294513e-03
-4.419650806719725711e-02
1.440354492648273678e-02
5.105871976754937369e-02
-1.253782966983643665e-01
-5.128984394516055562e-02
2.822684251363101818e-02
-2.244556272463437904e-02
7.179985559646470672e-02
9.245231104403059397e-02
-9.852402782288186001e-02
-2.204377286375489020e-02
6.670613834572275413e-02
9.125134689832513357e-02
5.713598921252737578e-02
7.078906463508709279e-02
5.589330771776110460e-04
-1.253810041022745958e-02
-2.173709564019287235e-04
6.272057956518996280e-02
-1.074000542324798219e-02
-3.292579123146737070e-03
-4.423756232176383890e-02
