2.980283200234963917e-02
3.652264202374056606e-02
4.408595729965106985e-02
-9.397997435079829751e-03
-7.141702481802944535e-03
-3.995567965845040620e-02
1.761169657577212749e-02
2.239263084596540207e-02
-1.096675307964095798e-02
1.114280301213753203e-02
-1.908569766494771711e-02
-1.198518342095906443e-02
4.858849333922107827e-02
3.900899099972995887e-02
-1.948353463384358900e-02
8.781669453845569392e-03
-6.714011924553299482e-02
1.105623149245676951e-02
1.895594670061779077e-02
-2.188611894023595635e-03
1.442308371961868035e-02
2.438006175396714888e-03
-1.432132724202288612e-02
-9.305531291906862096e-03
-1.098028439438186038e-02
5.486098492041903418e-02
8.181715106306947094e-02
8.284378624299532437e-03
-4.078937188532672149e-04
3.621864766988369677e-02
-3.742031046270845925e-03
2.723712584766248279e-02
-2.856620874473253524e-02
1.107473104344852965e-01
2.760342499598095883e-02
4.802791070785654426e-02
3.301737667846709606e-02
3.963647419925601934e-03
-1.651511438196283550e-03
-1.486706028729185771e-04
-1.926922059523277983e-02
3.948470440544283450e-02
-3.309580454140966660e-02
-5.995598930472663401e-02
2.144608736787000786e-02
-1.639662883357193360e-02
1.158117411397864560e-02
-5.920821613165599268e-02
-1.750659610418197482e-02
2.181186504991518629e-02
3.172225552970073942e-02
6.433132352151856026e-02
1.970142786528312345e-02
3.125446876761622805e-02
-2.196695411047019583e-02
-3.280294387947265550e-02
5.075183637343643611e-03
-6.929242087442385317e-03
-4.511807134969479660e-02
-2.837612269617113825e-02
1.022126008165616107e-01
-8.601104082990241456e-03
6.676669705115274855e-02
-1.722722922044269897e-02
-1.747768044032771417e-02
1.699697208609309007e-02
-2.585075939564455971e-02
-3.616535112023600007e-02
8.222165444033006920e-02
2.994907408380749828e-02
2.098533234884958701e-02
1.646635263901001511e-02
7.598651777570056276e-02
-1.565671163181037856e-02
3.633448461606699625e-02
-7.157080911935649603e-02
-2.089681918921003356e-02
5.419773886325426199e-02
3.573366422480613036e-02
-4.886199210674174037e-02
5.604338736958316969e-02
-3.199661633128292326e-02
-9.420536859344377789e-02
-6.260875854296224508e-02
-5.964780292253298206e-03
-3.531196568411799908e-02
2.107696112945710559e-03
8.385410919926956919e-02
-6.570648821246501473e-03
-6.132118424587622643e-03
-8.338085212501976373e-02
-7.839214676698534612e-03
-1.310514902003409414e-02
3.072660102024523873e-02
5.121054083371982812e-03
1.115620978472110433e-02
-1.724768375468144557e-02
-2.733084528924550199e-02
-2.474294223393865358e-02
2.475678818119269459e-02
6.789419795516872308e-04
1.641080131488670962e-02
1.817392174863797713e-02
1.688246140900635101e-02
-1.915693502655087255e-02
-9.738655033639787018e-02
-6.014525801893652601e-02
5.326539756839948625e-02
8.588528808097008194e-02
-3.721066448539320920e-02
3.231624617951029538e-02
2.481773711215654390e-02
4.417386983372169340e-02
4.655847429729878528e-02
-2.777521178331412294e-02
-2.794014982862840293e-02
-3.493395820626780252e-02
2.029894269394657419e-02
1.660400667106992981e-02
-3.437721939867927068e-02
2.536919059485226793e-02
-4.101167773738150640e-02
1.348221415843501962e-02
3.788678902740429122e-02
-5.108304975600174574e-02
-4.179942484262821195e-02
-3.983601732165217152e-02
-5.902668226160691367e-02
4.897823709997198988e-02
-1.375139518620061702e-02
-3.408915636665900417e-02
-2.664909874486116187e-02
-2.245035492640105879e-02
-1.501720441829999808e-02
-1.402467211745795153e-02
2.701396388610430299e-04
2.094395575654277308e-02
-3.340293409033377736e-02
3.389160345990320511e-02
5.398064576167913020e-02
3.815090161277184116e-02
4.818417103740758357e-03
1.160365770212813327e-02
1.104316083480934470e-02
1.017362856402325745e-02
-8.579652538957845131e-02
-2.487820751122986687e-02
4.010829030265423284e-02
3.848632264091374211e-02
-3.657836956078353713e-02
5.781128277864101481e-03
5.683612245617905567e-02
1.951013500461671116e-02
4.253425604219730066e-02
1.096705273142255460e-03
2.374172873910675510e-02
1.467360791794370192e-02
-4.982211947835433682e-03
2.967872952398013103e-02
-5.007035119815333828e-03
9.714848356680713670e-02
-6.750321666782196917e-02
-1.888594953827476067e-02
-4.927617491676869466e-02
-6.112557842628620758e-02
-1.014795602031926328e-02
5.021068317974603304e-03
-5.783631823956723178e-03
5.399693439035757950e-03
-4.666395170421279784e-03
-6.364270659668962160e-02
-4.752748644254056742e-02
-5.618775542013870750e-02
-5.410150644206689063e-02
-3.233761766065868220e-03
1.082315378295963942e-01
-2.117027174791209429e-02
2.228822884296683716e-03
4.021634761780975426e-02
-5.360929841296619563e-02
-1.599209428211895850e-02
3.017808432497070051e-02
1.308981430506212136e-02
1.642821005549279997e-02
-3.213009289554651787e-02
-1.285128763659386386e-02
3.142775106395333251e-02
-3.253389526695741468e-02
8.560588248723489946e-02
-2.629370483313393878e-03
-7.983572888677076262e-02
4.268278788282895558e-02
-8.394439881247908047e-03
9.612917689785253558e-03
-7.213318372913120335e-02
3.449401108321559217e-02
9.062703302236903985e-03
-1.806413205633532887e-02
-1.480470360110334657e-02
-6.748582321220746548e-03
1.375569714409154674e-02
-2.390041091685874558e-02
-7.267148670875936411e-02
5.355069865187327832e-02
4.807824342202759310e-02
-6.656540449164439002e-03
3.714298482885356606e-02
2.009490964872331920e-02
-1.515472810896085695e-02
2.278414582521397919e-02
6.468453928591828828e-02
1.544925299281306452e-02
6.425194320086381750e-02
-1.797880096752905651e-02
-4.521058959888010764e-03
2.816439740293723987e-02
-1.306330294811355007e-02
-3.818977511737990660e-02
-7.899086173134478583e-03
-2.544404364620923495e-02
-1.562376918624266281e-02
-5.354695651176442917e-02
1.024114606382145985e-02
8.914679282786974399e-03
-9.605515569019042188e-03
-6.694799780495463981e-02
-3.898506750377710162e-02
2.701968602698082318e-03
2.008914422381146564e-02
-5.176080648837734499e-02
6.600328993141615745e-03
-1.527503879132990558e-02
2.590902134963227188e-03
-6.157164636993063891e-03
6.964928160343630305e-03
-3.498269968940535823e-02
6.156997279390265254e-02
2.541767773760894231e-03
-5.429951317321841248e-02
2.867534890894212624e-02
-6.556743091372139315e-03
-1.192348737098244266e-02
-1.542644861983943341e-03
5.188020925171411141e-02
2.224744203618755911e-02
-2.782547903034642001e-02
-1.430115516909154505e-01
2.820586803457017164e-02
-2.912961424186750678e-02
3.984554525874517417e-02
4.088655126268742057e-03
-2.881123897854473426e-02
5.963844464570501602e-02
-4.553103261327229312e-02
4.154010921295536035e-02
-1.556708991160958219e-02
1.276155411439152190e-02
-4.027962948771787732e-02
-3.078885880991926241e-02
1.687463786737485733e-02
1.572681269605952226e-02
-3.318255035308788348e-02
-1.134564058941069098e-02
6.236160219408399402e-02
-4.860046900940649672e-02
2.368991421501677810e-02
1.266637097878463292e-02
1.282422473090111537e-01
-2.030623125234879561e-02
5.101597506006743526e-02
-3.628718429155802783e-02
4.008552069817315766e-02
2.380708622049725574e-03
4.553963869343176721e-03
-4.123584877759173956e-02
7.143500502573041366e-02
-3.491872665468031406e-02
-3.002894898262466195e-02
-2.267051642946635304e-02
3.672232799540511849e-02
-9.513343146073253986e-02
2.054310697464408267e-02
-1.371433639861968298e-02
-9.560495846991888536e-03
4.922546395129813457e-02
9.382002928259976227e-03
2.735085033324006348e-02
-6.317678257376978419e-03
3.028205313787363934e-02
1.759592097305801364e-02
-9.918187820561164339e-03
-1.763856432711988220e-02
-2.894243598599066311e-02
-4.688647425418567688e-02
3.383582069453847097e-02
1.575122452818522936e-02
3.788684760013388136e-02
-3.775120602101025846e-02
1.593362892523754459e-02
-6.159507293740871386e-02
-4.214114929536784925e-03
3.294696024599688688e-02
-1.027998798277745358e-03
-4.874396465376634388e-03
1.132034385910992737e-02
-2.876118247770504191e-02
-1.308532606065111563e-02
-4.132935391758409127e-02
-1.727863232908076474e-02
-2.725421297985938102e-02
5.514395726349487215e-02
-3.535940531443959589e-02
-1.136188402793538443e-01
-9.201447659058481499e-02
4.039663761609781772e-02
4.353634957939728906e-02
-1.023057263015860613e-02
-7.404845635226237066e-02
1.670601139620433648e-02
-1.909648660522026732e-03
3.019535132008793060e-02
-1.301836154361556488e-02
-2.584073390750522142e-02
2.523593626946675841e-02
7.773724507490986646e-02
5.065004740064762284e-02
-2.769112383470573313e-02
-3.177172033431204662e-02
-5.240691249780738553e-02
2.949080218335575418e-02
-5.568015292044189296e-02
-7.645602530403144970e-02
-2.380777243010479081e-03
1.153745771924599706e-02
-3.951399548136863560e-02
6.379351368165495605e-03
-1.321587158233686072e-03
-5.511902941649417936e-02
2.188679237068254582e-02
-1.664132144395540254e-03
4.647961144955605611e-03
2.718705787360254852e-02
8.251498603489360387e-03
-4.542341214669833038e-02
4.399518703901181965e-02
2.462682814622431035e-02
5.102348970411586110e-02
-1.903132129703520928e-02
-4.573259847047152910e-02
-3.640102940271894988e-02
-1.101608341954045042e-02
-6.921016846029003078e-02
2.409867373007573352e-02
1.854539280407385346e-02
2.975939438045138372e-02
-5.217026432501659094e-02
-1.136572188183011811e-02
4.895231834034567686e-02
-2.431981112916582061e-02
-2.302171500206269192e-02
-2.585480533962197791e-02
-1.184109140508124956e-02
1.381937949536657601e-03
-1.932194846852086298e-02
-5.789225663117663484e-03
1.276858077363053970e-02
-2.530377768833296306e-02
3.531362863005521342e-03
-6.625857001304569227e-02
-2.423786447036467995e-03
6.815856951367176009e-02
2.211121892838657441e-02
-4.893548328958786248e-02
1.277862886098592859e-02
-2.177289206072059377e-02
-2.528786211385497182e-02
7.660421533643440792e-03
-3.591805182252553325e-02
-1.937036805278276623e-03
-1.306694180013009444e-03
4.891654686444481953e-02
2.688950083448127248e-02
-2.910358368624287387e-02
7.722184651031036018e-02
3.539915860324541891e-02
-1.153035759728960816e-02
-3.580528479007837050e-02
3.504089651232788344e-02
2.256977942166245310e-02
3.579539756872674588e-02
-6.559102871886576640e-03
3.819582759015346940e-02
-8.899380596685983746e-02
-2.512114194797986089e-03
-1.894452920679421531e-02
2.761889340395033351e-02
-2.962121329182986276e-02
8.747248434027908581e-02
-1.680222941510028239e-02
2.493887836306491607e-02
5.051800561944942008e-02
4.934716028646708719e-02
4.343985555975774654e-02
-2.589120054761789858e-02
-6.983956335934125501e-03
-1.178687234117838101e-02
5.040793154702463523e-03
5.047153071686791975e-02
3.846547958034669118e-02
1.725564120331970098e-04
5.576636361725384287e-03
-7.161640983610542341e-03
8.996698037974473414e-03
-3.038294253198703387e-02
-2.844691817472240133e-02
-2.801516411529562586e-02
-3.244368534351765171e-02
-2.407506196438213147e-02
-1.481801417187324221e-02
-9.977204307904077168e-03
7.351101738439458355e-02
-1.557265628763607537e-02
-1.109258416211023057e-02
3.446618267843212097e-02
-1.435746277365391142e-02
9.043647995361852546e-04
-5.682881805212358639e-02
2.802794747626569539e-03
3.782302914354054163e-02
9.837613709572086418e-02
4.903603164506255274e-02
-6.994437694754698787e-02
1.176181648862457789e-02
-4.298948898263163640e-04
-5.099698863288409934e-02
9.316010113147744215e-03
2.801792534055522459e-03
5.457457127312945883e-02
-1.824051419923190462e-02
1.254307225814172734e-02
5.501783647770386483e-03
-1.562272417576643022e-02
2.951282103888657957e-02
-4.544864944882178598e-02
1.027770896675993077e-02
6.370522184043940495e-02
-7.275294512322205134e-04
3.541326739856512362e-02
-6.618432119347382458e-02
6.699177218088825381e-02
4.422911213891386056e-02
4.616656825021357713e-02
-9.324015349196759783e-02
1.439020393372452723e-02
1.361492991064161551e-02
-1.199586643483641253e-02
3.677930937041867104e-02
-5.074655287139666349e-02
7.612398001436215811e-02
6.895038759683952932e-03
-1.350062282768800873e-02
5.629118772633093931e-02
-2.759474978112771287e-02
2.900866066690817313e-02
1.625601695998472873e-02
-3.220983939040336554e-03
1.063926470298406576e-02
4.844218903158450246e-02
2.454118729990376058e-02
-3.399511700208095524e-03
2.370920958949660970e-02
-2.429656883938668271e-02
-2.514190903985088002e-02
-2.859240844972216894e-02
-1.146654778385540127e-02
5.650511352488092609e-02
1.026411969721886253e-01
-3.532484056682038548e-02
1.273006411686704309e-02
4.055694765201892094e-02
-3.124904585662295273e-02
4.542241432903473819e-02
3.094338552361403441e-03
4.953983718178704004e-02
5.167665315245349028e-02
-9.759121998340756360e-03
-1.823857332043531815e-02
-6.284023450129033739e-02
-8.150931236605636621e-02
7.118625438273845640e-02
-1.138939540823707920e-03
-4.822065525991958701e-02
4.798313922338615090e-02
1.919650796633793136e-02
-6.012811664345767831e-02
2.114264211983655703e-02
-1.070601751945354091e-02
1.728222678246225247e-02
3.090754680398872037e-02
6.180640677625586117e-03
-5.285831397451473679e-02
5.064269239679673740e-02
6.240764474562319336e-03
7.429879889639448565e-02
-6.421050787397267375e-03
-7.235661185237740600e-02
-8.155529785354397737e-03
-3.918008416935318816e-02
1.846618182452568202e-02
1.006911432086588128e-02
-8.038896631851856489e-02
-3.684890789634728825e-02
-1.149708783223289399e-01
1.587472155754330455e-02
-4.061026172565131848e-02
-6.648294629679842895e-03
-5.742698629600759969e-02
-2.590531866403808156e-02
4.906804043940831556e-02
-4.090080270853214267e-02
-5.925703724970445008e-02
6.020618931901558502e-02
1.395455618538733907e-02
7.523647595880888746e-04
4.194437107181085700e-02
-2.572278589015932274e-02
4.946899743676188427e-02
-9.758786900921355076e-03
-1.739802603647780735e-02
-2.095815936709913632e-02
6.071657753863599766e-02
-7.794627378092708336e-03
-3.764509346393799666e-02
-1.021733736546184303e-02
1.092174985917353930e-02
-2.822205155794180187e-02
6.806044096251870866e-03
-5.149980228299690099e-03
-7.935612905065760059e-02
-6.013728209051179968e-02
3.834312863356249129e-02
-2.873212897709800928e-02
-3.020428978453991789e-02
-2.095327980821207539e-02
-1.026947044244531579e-02
-4.806658852800790166e-02
-1.853418512093770940e-02
-2.580677472437400630e-02
-3.245898101055303547e-02
-5.859526320268527294e-02
1.570576327250370469e-02
4.106828037453248009e-02
-2.325572220975265572e-02
7.471072163584687072e-03
3.244037715571059660e-02
-1.965369082085251240e-02
9.701027956318154788e-02
1.785591019863833756e-02
-3.312310201657700515e-02
-1.024096953157951559e-02
-1.700223577945943546e-02
1.902545192679050423e-02
1.928960850065771990e-02
1.417812013757492606e-02
4.181934192475323005e-03
3.465090970173799467e-02
-7.639838944454345471e-02
-7.626796174626884750e-02
-3.136425668782916870e-02
-4.617174060707458089e-02
-3.017350462590761770e-02
-1.390491722766904088e-02
-3.756680171761204740e-03
-6.335896428790024903e-02
-2.277451626730814596e-02
-1.394216227143786277e-02
6.297996614545758182e-03
1.596243080919686197e-02
-2.989190654414839582e-02
-1.438204067231868902e-02
3.526923822401199782e-02
-1.151951189423639638e-02
2.640817345182200349e-02
5.984034421318996932e-02
2.899454776484115381e-03
-4.484130922222603205e-02
1.524528620482329747e-02
-3.592823974404603642e-03
1.135512044068811731e-03
4.863048050585293963e-02
-5.285253655768901160e-02
3.614486992160502281e-03
7.485822811758240103e-02
1.554455902246274814e-02
8.287916253409556133e-04
-3.401134954604184690e-02
-3.129149248699377404e-03
4.361394222706736074e-02
-2.974754062985534436e-02
8.640327080285009273e-03
4.895789248996245064e-04
-9.093830964193920507e-02
7.065596728188543174e-02
4.027283776196897286e-02
3.648977608996204630e-02
3.034087077122934323e-02
-3.889424857568261895e-02
-4.513307566087918637e-02
-1.088335863112267626e-01
1.198589151187555782e-02
-8.350461932593780667e-02
3.066016332251768339e-02
-2.951107708941456617e-02
1.218339824296049007e-02
-1.885416218062641383e-02
-1.722639954793273379e-02
-1.563164775991024436e-02
-6.459359731134153848e-02
-4.431125610084026001e-02
9.923977392904900080e-03
-3.938553844052387204e-02
2.108323142972906225e-02
-1.134830392211714535e-02
-6.000900003061204052e-02
-4.402138974767767776e-02
-7.093270375638720910e-04
-2.251567992523639469e-02
-7.491099440754246663e-02
-1.439517213045330736e-02
-6.344151396209503357e-02
-2.157241508112220721e-02
-2.421965794854647261e-02
-1.543423593152936160e-02
2.771550581279913147e-02
-6.929269928712493420e-02
-3.496423127521747221e-02
-2.956335315367825817e-02
-1.593876081742755246e-02
-2.129689356856959148e-02
2.847551121497857510e-02
-5.139413266747821368e-02
-3.169548950348594768e-02
-1.406054709695271458e-02
-3.145270977004265694e-02
-4.688459866277840116e-02
-6.100396627730392089e-03
6.690726313113784518e-02
-2.609319037241956268e-02
-3.962795063448387028e-02
1.576694416996114387e-02
-1.816159142351295858e-02
4.297776016140422012e-02
4.289138719282066525e-02
6.214571189268792983e-02
6.357661375538622983e-02
-1.755316629296746825e-02
8.333861900605624151e-02
-1.527162138486040221e-03
-5.150171057194441460e-02
2.466251779456296936e-02
-7.317769697412068730e-02
3.474146493118489970e-02
1.367133184311576481e-02
2.986055183072884589e-02
6.523866015806632388e-04
1.539678549060665563e-02
3.503933135240042129e-03
1.338997987326980867e-02
1.706656807206816812e-02
-4.609769547735172862e-02
-8.844350845449119522e-03
-6.538575181514473533e-02
1.248171058341160378e-02
4.926946937954032775e-03
1.425806035298066501e-02
7.169091265551024578e-03
-4.551907321134792545e-02
-3.293241164781454677e-02
-2.836031964503583566e-02
-1.771179104261475304e-02
-8.638395493070478645e-03
-3.951939904601411979e-02
-3.761476636579259847e-02
9.517292336109577783e-03
1.397527430866821012e-02
3.808108483369813946e-02
-2.613576160634742754e-02
1.400019240157920897e-02
-8.824697802480923128e-03
