1.000000000000000000e+01
-3.858853810851572863e+00
-3.847894201984498608e+00
-3.841748641334193248e+00
-3.836122108924932217e+00
-3.827199429051528767e+00
-3.821341763231506317e+00
-3.815569712043643147e+00
-3.809937568595651580e+00
-3.804552620257082740e+00
-3.798581162475156425e+00
-3.797582140416916996e+00
-3.793419732006761969e+00
-3.789135895894630401e+00
-3.787087602395434960e+00
-3.782395488276393269e+00
-3.777955829937337029e+00
-3.772337018691394928e+00
-3.765598137607098828e+00
-3.759315198251845569e+00
-3.748107975193948782e+00
-3.726708254254123887e+00
-3.698002961640202813e+00
-3.661675761838532495e+00
-3.617926032617976961e+00
-3.566887676144173902e+00
-3.508033092977842937e+00
-3.442556602124184462e+00
-3.372265295331651203e+00
-3.309219994325243164e+00
-3.296009560562303875e+00
-3.292644166148198437e+00
-3.286968077947707290e+00
-3.271416384609589834e+00
-3.264035274249271534e+00
-3.252567625942378804e+00
-3.235567834266544374e+00
-3.229957885421240515e+00
-3.221629429839171888e+00
-3.214286927991026221e+00
-3.206708509386658967e+00
-3.198837442024332844e+00
-3.194360047421464177e+00
-3.188240099206217426e+00
-3.178750122552743029e+00
-3.160273020921616549e+00
-3.151886316531995469e+00
-3.130602508657309713e+00
-3.106330252567990335e+00
-3.080439720065754727e+00
-3.054000685253196679e+00
-2.997583786426099461e+00
-2.991424867485144468e+00
-2.933220009743883860e+00
-2.904447509694223939e+00
-2.874219577575677143e+00
-2.830518942078894984e+00
-2.811532591073422349e+00
-2.779147753500054829e+00
-2.767373822963293595e+00
-2.755722876917839681e+00
-2.731006540137617566e+00
-2.722049895634499617e+00
-2.718993700555763837e+00
-2.712956661677826009e+00
-2.695593234534165550e+00
-2.671732003558338953e+00
-2.660896264821475121e+00
-2.646750823634684835e+00
-2.641111837772279092e+00
-2.631431255301384109e+00
-2.620299184959910210e+00
-2.600110636441281375e+00
-2.591198514318333590e+00
-2.561265362437086246e+00
-2.543756756894833160e+00
-2.537724576350545824e+00
-2.531513592834565340e+00
-2.519532504993525990e+00
-2.492128325438317749e+00
-2.475453485553404942e+00
-2.439171330828146633e+00
-2.425515663864527216e+00
-2.397412902542254365e+00
-2.360696103308604687e+00
-2.344229699841129388e+00
-2.342452535979608008e+00
-2.333072181676443702e+00
-2.298328451819779517e+00
-2.286861058180392980e+00
-2.274931281769035252e+00
-2.271284096523940477e+00
-2.263953684543219325e+00
-2.245776610464900624e+00
-2.232308966227456892e+00
-2.229628680828884324e+00
-2.213663751865082130e+00
-2.208522099730661825e+00
-2.192447379119832895e+00
-2.176208653428102213e+00
-2.161573897514983411e+00
-2.151438967964472315e+00
-2.131155780183049853e+00
-2.117371832619836081e+00
-2.093342707964959803e+00
-2.085807112237549443e+00
-2.044009742181387868e+00
-2.028940930616952354e+00
-2.002670560442052494e+00
-1.995516363276671035e+00
-1.986379781579797887e+00
-1.977243965867708120e+00
-1.965578770290960176e+00
-1.954885310289194322e+00
-1.939802162627038973e+00
-1.928261035614484697e+00
-1.915103503536313756e+00
-1.907346756463073278e+00
-1.889239712586841868e+00
-1.875329262525807339e+00
-1.867279286246775971e+00
-1.855534079673296421e+00
-1.849950836381804686e+00
-1.844442192630381339e+00
-1.829220705576588335e+00
-1.802813485734442001e+00
-1.799527712459773499e+00
-1.789753460922796302e+00
-1.756280499769174774e+00
-1.746373231001209891e+00
-1.737174748394437751e+00
-1.728333223980897726e+00
-1.719234136715603878e+00
-1.707153218138742545e+00
-1.694420145011830803e+00
-1.679980949542568824e+00
-1.673281210658804641e+00
-1.641517705383060743e+00
-1.636782184099234261e+00
-1.630305696131331139e+00
-1.599655858898915151e+00
-1.588647064692654487e+00
-1.560062940164915091e+00
-1.554897538483771102e+00
-1.539279543516801851e+00
-1.533938706310097322e+00
-1.518928651802688767e+00
-1.495691173558327591e+00
-1.489888207180977364e+00
-1.471598839555085636e+00
-1.460113630155521314e+00
-1.453627752282450114e+00
-1.446546938658183068e+00
-1.440819245194447706e+00
-1.429691402932876665e+00
-1.422221153138286454e+00
-1.395827176047611529e+00
-1.388088940268681570e+00
-1.378605765087520529e+00
-1.368075166929601183e+00
-1.357295653955002068e+00
-1.349325042055817159e+00
-1.332811495231008170e+00
-1.324856763755917433e+00
-1.309048363803050119e+00
-1.305405715937285605e+00
-1.298478881424825149e+00
-1.283423284109101559e+00
-1.267030262613612734e+00
-1.262297909799875661e+00
-1.250083687928003506e+00
-1.241430354992247409e+00
-1.236249346936566074e+00
-1.217421054448550644e+00
-1.205375069104328789e+00
-1.199765189360674000e+00
-1.195788107431782432e+00
-1.188664957168026559e+00
-1.176209853007925465e+00
-1.171095034813679270e+00
-1.167680850757186306e+00
-1.152307679653558514e+00
-1.127987099541675864e+00
-1.122524280767692284e+00
-1.112277295642772668e+00
-1.087139322877841874e+00
-1.082577461827803011e+00
-1.077413567246183979e+00
-1.064486546597067651e+00
-1.060638349845989259e+00
-1.055248899273156349e+00
-1.029573576613757258e+00
-1.019411059629232508e+00
-1.016630110433025758e+00
-1.006248347651719222e+00
-9.968178407628776050e-01
-9.844614986536190937e-01
-9.771933087667192819e-01
-9.675207254660478373e-01
-9.525793936317926702e-01
-9.426243857263401082e-01
-9.351512901516176868e-01
-9.226586031084488271e-01
-9.153963419356798692e-01
-9.022281029099322724e-01
-8.987091756100485940e-01
-8.874575030969172884e-01
-8.846098607451290396e-01
-8.732465097725660153e-01
-8.656818034843358767e-01
-8.613665392269337362e-01
-8.568103369403030634e-01
-8.462002134812833809e-01
-8.267787863924291880e-01
-7.835894050836439417e-01
-7.714788324549025633e-01
-7.647479331182955864e-01
-7.592785592273194606e-01
-7.420396871863506050e-01
-7.336607831184167594e-01
-7.274382895843168884e-01
-7.150796528371727856e-01
-7.094676780160271701e-01
-7.041746030271288648e-01
-6.951561375914184771e-01
-6.899931561920725764e-01
-6.837597143220244256e-01
-6.813830959626776540e-01
-6.769018416285405015e-01
-6.712355692445083344e-01
-6.605282461832568952e-01
-6.543003475914829226e-01
-6.362301161390824245e-01
-6.263026617303448784e-01
-6.247408574622410615e-01
-6.163477779897533759e-01
-6.049130133465081549e-01
-5.951691021613241261e-01
-5.871946540620464061e-01
-5.768502275203387653e-01
-5.653033990618870908e-01
-5.581705142316691903e-01
-5.528473946495121583e-01
-5.452378709781798838e-01
-5.424708547851440077e-01
-5.285387350515253768e-01
-5.219086010926877739e-01
-5.171147765263895968e-01
-5.020465277112120539e-01
-4.964322088205000982e-01
-4.892665298889054548e-01
-4.852109889657989505e-01
-4.822328274660252490e-01
-4.740008568185120064e-01
-4.682029926472747183e-01
-4.600242372352563724e-01
-4.400766907393623417e-01
-4.189107399286258193e-01
-4.083068829861554172e-01
-3.961820787905367403e-01
-3.897717871014130808e-01
-3.841832541565648462e-01
-3.783643805882565547e-01
-3.757871584328032477e-01
-3.662165797971830283e-01
-3.637495769283870528e-01
-3.592568416849452606e-01
-3.548524630995724682e-01
-3.503318337333741206e-01
-3.468953554677727258e-01
-3.359663898996780307e-01
-3.310522582345851172e-01
-3.261311613594040648e-01
-3.218774987528185694e-01
-3.170614562969476524e-01
-3.115946811965915053e-01
-3.021447373738104236e-01
-2.972062035869759145e-01
-2.900537618493344572e-01
-2.858501852933144627e-01
-2.736124017900350980e-01
-2.702446636833947258e-01
-2.664786300402999242e-01
-2.576150886739430601e-01
-2.509538893060554998e-01
-2.424019202876156187e-01
-2.373598439518628811e-01
-2.296720362726133169e-01
-2.239130330281149661e-01
-2.160350767357656632e-01
-2.127054736328822804e-01
-2.069350859991416214e-01
-2.019818103370139561e-01
-1.948563237844138096e-01
-1.860532757501076884e-01
-1.831762121761112971e-01
-1.794269144639784042e-01
-1.713751637394385907e-01
-1.657116620644668026e-01
-1.630086814924456839e-01
-1.590572049297331592e-01
-1.502538494722104323e-01
-1.391637922791714721e-01
-1.234946650384414479e-01
-1.194091421791950575e-01
-1.139233652315013168e-01
-1.019605557293715992e-01
-9.395702190257496089e-02
-8.885407526490807228e-02
-7.981149009794484550e-02
-7.457603311321552020e-02
-6.149772710121992336e-02
-5.552947674952400658e-02
-4.558218802082917437e-02
-3.174488373444765699e-02
-1.048754907861397002e-02
-4.087743133382618771e-03
9.990435001681704022e-03
1.895506251618974888e-02
2.520108652863440463e-02
5.721241125045319759e-02
6.228527262280687815e-02
6.487341941196515804e-02
6.908528484098482025e-02
7.199716466604165477e-02
7.559441154394924700e-02
7.670356100751810069e-02
7.701209604846258328e-02
7.833626720291550494e-02
7.943141810485594700e-02
8.109695230687667677e-02
8.477042069947816894e-02
8.608771852999315410e-02
8.749341436489600776e-02
9.155412739179458192e-02
9.281136596044650688e-02
9.530680316618678205e-02
9.667322885094430107e-02
9.873344974611390767e-02
9.916348609477725062e-02
9.992187925705141305e-02
1.021729305523568915e-01
1.033913332630737175e-01
1.053633970588335328e-01
1.071848668671815247e-01
1.091132135287117971e-01
1.106911051211114799e-01
1.144392233302943124e-01
1.155175700281041440e-01
1.201146690290377933e-01
1.238053883758666873e-01
1.248798426389165495e-01
1.262251126777756138e-01
1.275931734073307844e-01
1.278306245675049080e-01
1.296066339626048558e-01
1.315372016243751552e-01
1.326711076515521281e-01
1.353964513379718182e-01
1.377981551210622491e-01
1.413347579285737232e-01
1.421824953689369841e-01
1.484173550970842304e-01
1.497043954567111868e-01
1.511565503823210643e-01
1.533529821703187579e-01
1.557172579294857639e-01
1.575909086712309892e-01
1.584218367997652088e-01
1.596630608531765527e-01
1.624326009052159403e-01
1.633497376177774352e-01
1.657640414147037444e-01
1.675287301195784451e-01
1.702825765083071097e-01
1.775248312206730295e-01
1.783147442236618641e-01
1.829645177643643983e-01
1.845483530004310702e-01
1.871343614994619986e-01
1.938290997762275314e-01
2.015801207797861261e-01
2.238164696098638717e-01
2.347777135641524737e-01
2.490518328491188038e-01
2.593412775815963078e-01
2.719948308163684381e-01
2.792547503152251198e-01
3.082817354445736568e-01
3.252856459830335556e-01
3.330660064971284196e-01
3.372215329828749941e-01
3.458308372855056767e-01
3.482019682313355902e-01
3.573260022703727556e-01
3.679858257104034469e-01
3.735549964842533877e-01
3.825736774680913999e-01
3.899786080150581813e-01
3.956013125444012846e-01
3.993193234698700356e-01
4.039849150407431311e-01
4.101937581104300179e-01
4.125195679369200175e-01
4.182952269470239792e-01
4.234389466748478825e-01
4.285642694629251959e-01
4.358327095005463114e-01
4.426551707475686048e-01
4.440643090539312943e-01
4.461670224109339777e-01
4.562275831348890920e-01
4.648520931072912532e-01
4.702154716374311039e-01
4.785094091001911853e-01
4.837057668141489519e-01
4.888181966316356153e-01
4.947470854977414900e-01
5.005761269129045399e-01
5.175218389297352450e-01
5.233496575868241685e-01
5.254726077132675366e-01
5.313510758883833729e-01
5.407619863407832073e-01
5.451856263418083381e-01
5.536346614830507384e-01
5.620161274035501142e-01
5.711112047003322756e-01
5.743306397293733712e-01
5.761418446799568827e-01
5.824580360817513958e-01
5.915280620169245385e-01
5.946429922408347224e-01
6.024895358063634410e-01
6.073095203956849764e-01
6.135907370091019386e-01
6.168554516876989524e-01
6.229426926876880932e-01
6.276956583505722831e-01
6.325397415102269605e-01
6.388393283172850712e-01
6.400318657808861111e-01
6.423629516755269275e-01
6.523382307192339136e-01
6.681273614190578192e-01
6.771861359573824179e-01
6.995268756410755184e-01
7.188934748261360808e-01
7.265573432991980773e-01
7.316611910983398248e-01
7.426248598106524046e-01
7.460656201419356703e-01
7.494263638669648175e-01
7.607682702194217272e-01
7.649844872509299343e-01
7.759599898233515702e-01
7.817142542645439951e-01
7.855903704405746701e-01
7.972831990394162460e-01
8.000429969060457447e-01
8.073723501249293610e-01
8.121782522865657050e-01
8.190025136400670425e-01
8.334753249342400361e-01
8.447230881064614616e-01
8.498856124041400673e-01
8.551950698165865505e-01
8.694681615121485629e-01
8.768877591424237838e-01
8.837739920630677259e-01
9.002628657381587240e-01
9.055096643694067193e-01
9.139333567722643936e-01
9.234470763907177693e-01
9.264114572019356286e-01
9.360880997191149966e-01
9.487959098195848373e-01
9.513550750344352824e-01
9.553061085041790745e-01
9.613333042391229988e-01
9.641530521036327794e-01
9.697844414698777449e-01
9.798114378492314147e-01
9.841823710309376416e-01
1.001406103646043766e+00
1.008044582865558203e+00
1.018001329425366475e+00
1.027230455935864262e+00
1.047410392595531370e+00
1.090858707612827105e+00
1.106954309573912942e+00
1.114932945603007264e+00
1.122450063332806947e+00
1.126459423339895016e+00
1.136958295111360595e+00
1.141167551020894955e+00
1.151847770435632912e+00
1.159913947428012015e+00
1.165800710799837159e+00
1.171135648730836643e+00
1.186183650552975255e+00
1.197220364458447373e+00
1.206486756916805625e+00
1.215170333150136006e+00
1.220140826482686514e+00
1.238509417390938339e+00
1.240464771264538690e+00
1.252785908586787178e+00
1.258791065485255656e+00
1.267495432880788586e+00
1.282291657991872613e+00
1.296410828274885407e+00
1.310242399872818542e+00
1.322960072034007561e+00
1.329862529494242329e+00
1.336827810064488808e+00
1.342572853387730580e+00
1.349555768876717687e+00
1.386512219307237448e+00
1.392550490428441812e+00
1.401194202318413407e+00
1.416906068025920007e+00
1.429526032504845334e+00
1.432543335851829136e+00
1.437870249084435503e+00
1.447476993099350739e+00
1.455555529426587835e+00
1.462316817095751897e+00
1.465823770939090887e+00
1.484474845146453559e+00
1.503302756234838000e+00
1.508559449832511667e+00
1.518037169243727114e+00
1.521475199085755792e+00
1.526913207189611432e+00
1.534605677526324374e+00
1.558445280540076805e+00
1.565429047256903239e+00
1.569655860500283051e+00
1.579012394318961565e+00
1.607229255558864311e+00
1.614628670970600144e+00
1.615502338406200611e+00
1.627167936917130131e+00
1.637860581310469632e+00
1.654357245719114466e+00
1.663062566886898130e+00
1.677548745188663037e+00
1.693112265940435401e+00
1.700083430008128449e+00
1.707033707210861451e+00
1.714399344407010473e+00
1.723250096378840412e+00
1.744305044829662199e+00
1.757732219520493411e+00
1.765936382919425895e+00
1.774492426449857829e+00
1.794979957042488250e+00
1.796486204778007689e+00
1.823654251563830320e+00
1.826425327823832934e+00
1.847419755016685317e+00
1.861430365042846313e+00
1.891959313251389441e+00
1.901550675442441163e+00
1.908591310880738190e+00
1.940723027516753962e+00
1.950140406175683072e+00
1.963983641358840959e+00
1.968946536327549568e+00
1.979540947395076911e+00
1.988765293478369944e+00
1.997513672238352411e+00
2.014524160484434390e+00
2.022176854723131800e+00
2.050207146176545869e+00
2.054882051848652136e+00
2.063698853562177415e+00
2.091390720963837602e+00
2.097968785603082420e+00
2.107053618960110786e+00
2.118590984240231734e+00
2.127758604052853997e+00
2.133895952306486432e+00
2.147997941679314238e+00
2.157939423827233583e+00
2.172069686608213424e+00
2.183622621312043766e+00
2.193695743006220056e+00
2.214622094443265521e+00
2.219322126208215895e+00
2.229907151959611866e+00
2.243992000417224020e+00
2.255761370950231992e+00
2.258932308597748850e+00
2.285023112631676234e+00
2.311114134343042359e+00
2.340198891117438951e+00
2.347060393427072178e+00
2.371070549286236950e+00
2.396352484161224261e+00
2.415057332528441680e+00
2.420899796422456340e+00
2.438371033846569613e+00
2.454228329032156264e+00
2.466254669766891894e+00
2.472835814745926175e+00
2.481920318212060383e+00
2.487003324390937742e+00
2.499215781761719324e+00
2.515415409353816578e+00
2.524945707611632173e+00
2.537107474397307438e+00
2.547079649746046837e+00
2.562793938874235788e+00
2.597018623055573183e+00
2.602539198862961811e+00
2.606830513445779651e+00
2.629298765010357197e+00
2.665646489906536853e+00
2.688392657883405867e+00
2.698298181664538831e+00
2.731731811045869929e+00
2.754066469929141725e+00
2.780848356102939789e+00
2.782314167562289331e+00
2.796343619437192896e+00
2.804932902262388783e+00
2.813247854041663665e+00
2.848481125610272002e+00
2.854524984318770109e+00
2.861741849494936485e+00
2.897137262522532009e+00
2.909948126330391460e+00
2.916583313072683037e+00
2.921100784842571851e+00
2.938962544354105422e+00
2.957918261211377686e+00
2.967534652146619489e+00
2.977816826318795851e+00
2.984564045344402672e+00
2.987301867925057142e+00
3.020358875809866728e+00
3.032272749004258916e+00
3.040676250580393702e+00
3.070383271981923290e+00
3.080808460062004706e+00
3.131783651429418391e+00
3.159596911387783535e+00
3.192424634390471194e+00
3.247708732783241015e+00
3.255228634189783588e+00
3.312042299617431684e+00
3.333793333555128413e+00
3.364437460889372566e+00
3.392453613520360012e+00
3.410235267658316971e+00
3.415459811285503910e+00
3.429809627716799980e+00
3.444566673451249894e+00
3.446897043690401397e+00
3.457586713559264169e+00
3.463029026378566133e+00
3.472283902561644098e+00
3.478114380537577599e+00
3.493461195800103614e+00
3.497906923464655815e+00
3.505337007871736521e+00
3.516294307353430515e+00
3.524511823960864820e+00
3.540001635056371221e+00
3.549889915866911938e+00
3.558058192168448652e+00
3.573711242150460876e+00
3.634080218492557801e+00
3.701878262527926289e+00
3.766060401588085860e+00
3.824112200715117815e+00
3.874618494053969187e+00
3.917859807556289375e+00
3.953726482963084710e+00
3.982037967098456477e+00
4.003875385422554167e+00
4.018954496366665907e+00
4.020907512429135799e+00
4.026237010369667857e+00
4.028284541023817056e+00
4.031266062496668745e+00
4.034359661747313197e+00
4.036355804681457826e+00
4.043279351818883427e+00
4.049660045692188071e+00
4.057694339197747802e+00
4.063607096347412018e+00
4.073519998785906537e+00
4.076981107097370050e+00
4.078428587736233624e+00
4.084040772338163983e+00
4.088134402900407416e+00
4.099098643507402606e+00
4.102137159018949930e+00
4.122411241375099955e+00
