-4.003216131284905721e+00
-3.992791220209232605e+00
-3.991735684553760155e+00
-3.981471129133497655e+00
-3.963414629101595477e+00
-3.960272704436982760e+00
-3.947057300447256445e+00
-3.942970734854482906e+00
-3.935212228953994806e+00
-3.928144942531863748e+00
-3.913268793893967867e+00
-3.909149873955152010e+00
-3.906804298355473826e+00
-3.899788642112271830e+00
-3.897120078371493879e+00
-3.894225098224366466e+00
-3.885744972012304288e+00
-3.876556339317451805e+00
-3.866236767056946189e+00
-3.864886538106465430e+00
-3.848551648300013728e+00
-3.823638488613055664e+00
-3.789736184286125464e+00
-3.747783158374118351e+00
-3.698252171707537617e+00
-3.640752638595995183e+00
-3.576565667526209857e+00
-3.507385950978002764e+00
-3.443640311929546449e+00
-3.431220044184818629e+00
-3.419566123925589896e+00
-3.408159740002553395e+00
-3.393285756154464483e+00
-3.380882071534819122e+00
-3.371641000086426754e+00
-3.369116309654851982e+00
-3.353788113858632958e+00
-3.350780128990455520e+00
-3.340897098939478393e+00
-3.332052519246879285e+00
-3.324612766322915913e+00
-3.317589091976056448e+00
-3.309230657465887848e+00
-3.298460389978107532e+00
-3.275388110972410338e+00
-3.270780962319097984e+00
-3.255352880200995003e+00
-3.226643981341633438e+00
-3.215396714591096661e+00
-3.177712633957704202e+00
-3.132667299187314125e+00
-3.119311217025263261e+00
-3.063417571010602636e+00
-3.037386174131814442e+00
-3.003314062370802340e+00
-2.952608409628275865e+00
-2.943705154556693682e+00
-2.908035978564586621e+00
-2.895240134174190239e+00
-2.876939913411357796e+00
-2.860726931565995113e+00
-2.857659870988836559e+00
-2.855080019312679962e+00
-2.840961361151244091e+00
-2.832657143930616073e+00
-2.812327945089306613e+00
-2.805162935273576075e+00
-2.792564036002335381e+00
-2.777536421185790250e+00
-2.764776853807718204e+00
-2.733963810729286514e+00
-2.727724305113626624e+00
-2.723881575773662522e+00
-2.689314889522662622e+00
-2.677771098514119430e+00
-2.666204124405413101e+00
-2.661357941442100472e+00
-2.651004860744591518e+00
-2.613348228264034123e+00
-2.599332418757433594e+00
-2.566517479544248914e+00
-2.555151208705517263e+00
-2.541846532062041142e+00
-2.491504597114154951e+00
-2.476989624427029302e+00
-2.471079112396799005e+00
-2.462906827832506362e+00
-2.428407078199417146e+00
-2.417268743686963095e+00
-2.414601795438018783e+00
-2.400166704885087654e+00
-2.382011878120912307e+00
-2.378333787383363873e+00
-2.365597193586129521e+00
-2.350908241338558025e+00
-2.342976472331336879e+00
-2.335029228805892032e+00
-2.314707746800348520e+00
-2.311624086094076880e+00
-2.293855814399214044e+00
-2.283966900167138991e+00
-2.261160172673343460e+00
-2.247934241116874343e+00
-2.218692119990457901e+00
-2.208004330501804890e+00
-2.186700343379567091e+00
-2.172816350921787709e+00
-2.137105674172579572e+00
-2.132771582329637372e+00
-2.116586947227685478e+00
-2.102947265251094322e+00
-2.092870881903807767e+00
-2.073539073135178157e+00
-2.061855203988254726e+00
-2.045659967132370749e+00
-2.037575199250587499e+00
-2.032101233326965239e+00
-2.009502328350505351e+00
-1.998791141822034323e+00
-1.992837905995420433e+00
-1.985760595107157966e+00
-1.970819288785193413e+00
-1.966044576658251275e+00
-1.954899722945961704e+00
-1.936042468743248479e+00
-1.929557279481395771e+00
-1.921035257107581051e+00
-1.900096698255847150e+00
-1.885758037142562626e+00
-1.874965419142458956e+00
-1.860804336316310481e+00
-1.851074466995138668e+00
-1.842195261530241712e+00
-1.834512283133087784e+00
-1.823961721445890083e+00
-1.800282645887085309e+00
-1.780877703693813041e+00
-1.761647735922992064e+00
-1.758437356966263465e+00
-1.737402051624433286e+00
-1.724539829337222940e+00
-1.698184110748222286e+00
-1.683180134672900286e+00
-1.666365277545012402e+00
-1.661936790601965086e+00
-1.649062727617739865e+00
-1.636233454702136214e+00
-1.619387950250778641e+00
-1.610899925182531334e+00
-1.595163089367923837e+00
-1.589330179954238309e+00
-1.576528968146240217e+00
-1.567058516307400895e+00
-1.558435269934695278e+00
-1.555756331926302360e+00
-1.534935124679171148e+00
-1.521606773209492003e+00
-1.506096583019280954e+00
-1.504642749373241051e+00
-1.487283286329587062e+00
-1.483505632109659356e+00
-1.465132060305222028e+00
-1.457430971837231359e+00
-1.451618774092263919e+00
-1.433349980390797196e+00
-1.422337082287582932e+00
-1.409342332585580060e+00
-1.400267716574796761e+00
-1.396376890790660630e+00
-1.386802903397220454e+00
-1.375937989407543416e+00
-1.364728936778132562e+00
-1.358024178327255749e+00
-1.338880363515779326e+00
-1.335303424065327205e+00
-1.329556899418837590e+00
-1.317008821398850005e+00
-1.304977690751862429e+00
-1.301599225150995576e+00
-1.297943149986087397e+00
-1.280472476528100811e+00
-1.273342125883046183e+00
-1.259376672341744330e+00
-1.248456740740389481e+00
-1.225823338066641455e+00
-1.218646298143637230e+00
-1.212489507774322073e+00
-1.200042270137624101e+00
-1.191310571911291083e+00
-1.181212970301259269e+00
-1.166217416410937124e+00
-1.149791880685051115e+00
-1.137777906612926548e+00
-1.129326756836715351e+00
-1.121113344276002177e+00
-1.110854477223164327e+00
-1.100475316615323607e+00
-1.088910508197810101e+00
-1.078777199221041538e+00
-1.071726986069042376e+00
-1.059752749023547214e+00
-1.043356802542586115e+00
-1.039226840270066177e+00
-1.036142776022048295e+00
-1.029254860195272014e+00
-1.015204169613556084e+00
-1.007553738464615600e+00
-1.003103700685411770e+00
-9.920908402897883338e-01
-9.868239788689083802e-01
-9.806495377948721837e-01
-9.726369201359368333e-01
-9.549005394762429821e-01
-9.243395683542087182e-01
-9.093856414711717351e-01
-8.898126817551622603e-01
-8.846565794635531388e-01
-8.715497463285964974e-01
-8.675377062843808718e-01
-8.581924164726982829e-01
-8.510804333087956808e-01
-8.463915052453279131e-01
-8.375002653567186206e-01
-8.291247699615609257e-01
-8.230065003866164908e-01
-8.166599242133829595e-01
-8.143768892635109280e-01
-8.013837955214410114e-01
-7.952544372503581593e-01
-7.858953306261372562e-01
-7.691982289998994249e-01
-7.650422074273538486e-01
-7.544392863064572907e-01
-7.499066060913319731e-01
-7.349910743886080011e-01
-7.218250415955180799e-01
-7.184519929346271372e-01
-7.124761405829027616e-01
-7.053722722458353189e-01
-6.978768124518162086e-01
-6.882622209802718993e-01
-6.811326350513208228e-01
-6.761792920279029451e-01
-6.687107314613099929e-01
-6.634597960796505545e-01
-6.551607013282404468e-01
-6.465206054635597166e-01
-6.396373055890028914e-01
-6.292565026835237330e-01
-6.249298619588693482e-01
-6.191899920944480273e-01
-6.124010255991449991e-01
-6.025592200224757500e-01
-5.948971180223185939e-01
-5.817654870822002167e-01
-5.689095128760379705e-01
-5.623400816144518144e-01
-5.445103675398395016e-01
-5.304061755619390306e-01
-5.222986834869729478e-01
-5.172191515123855110e-01
-5.150723960551232272e-01
-5.055333759945084271e-01
-4.993986390365672268e-01
-4.950523432038982929e-01
-4.851376224374534529e-01
-4.786689562294151323e-01
-4.712583378082860208e-01
-4.679166451416428285e-01
-4.642939974398643810e-01
-4.543597183839623854e-01
-4.462267591204932549e-01
-4.432658015851647648e-01
-4.397089162351657810e-01
-4.355776068545648694e-01
-4.266674180061378885e-01
-4.198335615002514731e-01
-4.145001049716267594e-01
-4.107106320620634299e-01
-4.048449379138884807e-01
-3.958889742801193212e-01
-3.864717623317828754e-01
-3.797290549507001400e-01
-3.701114339275967113e-01
-3.624036343615396616e-01
-3.571993765816507960e-01
-3.518423577369945154e-01
-3.467449341431934062e-01
-3.456017424537813354e-01
-3.304062548896828932e-01
-3.262539717652986893e-01
-3.203836873948337494e-01
-3.136943508782571444e-01
-3.053910565666558274e-01
-3.028479208564652247e-01
-2.962850118465935045e-01
-2.942630801828062803e-01
-2.854136858321693615e-01
-2.842052764911568996e-01
-2.742395281550553121e-01
-2.698688012252041246e-01
-2.635015817226464829e-01
-2.593917743701507073e-01
-2.531682129730115638e-01
-2.466159696399371493e-01
-2.393019219895345107e-01
-2.259015288665119359e-01
-2.156767039521616802e-01
-2.026096584770714359e-01
-1.925616006713338213e-01
-1.878780071706948607e-01
-1.827288111188175301e-01
-1.775391430280525984e-01
-1.725911602711181214e-01
-1.576298566585306593e-01
-1.502049779434023458e-01
-1.422903866634167847e-01
-1.279088723782311476e-01
-1.228627908865348034e-01
-1.038189088223285816e-01
-1.006956838256544001e-01
-9.841022174026962943e-02
-9.452402255083368343e-02
-8.890074729546514065e-02
-8.257873946953292466e-02
-7.964230627037119370e-02
-7.731869422429760164e-02
-7.293834316554513586e-02
-6.959698986618488570e-02
-6.566099016728056681e-02
-5.986462061993465950e-02
-5.636179138426276186e-02
-4.691589878030141131e-02
-4.359914275055006699e-02
-3.656205081096514098e-02
-3.585078354893411756e-02
-3.338379600536976050e-02
-3.089771447046551697e-02
-2.960958005765246953e-02
-2.666283279177956642e-02
-2.217104902492420329e-02
-1.956362511311771427e-02
-1.659942986876697738e-02
-1.448171971037602070e-02
-8.241807456862157780e-03
-6.371674375246840459e-03
-2.490553694005294590e-03
-5.303279681184531677e-04
2.491795640954177962e-03
4.987561980900992106e-03
7.155693193915409200e-03
8.561362476188522086e-03
1.064978229806573008e-02
1.211666899629198525e-02
1.500492101820457419e-02
1.626841216000451257e-02
1.771759238390816990e-02
2.051702355492998273e-02
2.246765076002225914e-02
2.883417937284529081e-02
3.099310995234971430e-02
3.560550443169003404e-02
3.909073841225019913e-02
4.227042399881246471e-02
4.636994719149920008e-02
4.907224561610751268e-02
5.280945606701892281e-02
5.586339385177183786e-02
6.039940294286314654e-02
6.261647643981574363e-02
6.656543939319112257e-02
6.991275033373371695e-02
7.496105771034873577e-02
7.606253109358045161e-02
7.874044050574993681e-02
8.095420769862221588e-02
8.864000943808048039e-02
9.181365239487872254e-02
9.526201027323680237e-02
1.034935076674582954e-01
1.074184362985665109e-01
1.160142864020128201e-01
1.221389840798033782e-01
1.323880495876431918e-01
1.441084696097302831e-01
1.594470455352725857e-01
1.695239603659585426e-01
1.781457406817900657e-01
1.894820126953234984e-01
2.085592062274406744e-01
2.236097865211316704e-01
2.279675801485136488e-01
2.330625880127151772e-01
2.340915543327656279e-01
2.430361005467592816e-01
2.544850736842338423e-01
2.593834697652241394e-01
2.682226517585070136e-01
2.735548812015976550e-01
2.757154069213038627e-01
2.840463166117838667e-01
2.912728394579776059e-01
2.961936040428369554e-01
2.985408545100212696e-01
3.098820450706351592e-01
3.136497236825872004e-01
3.212041349652591804e-01
3.259395409911030050e-01
3.316334067660723917e-01
3.380097870193645160e-01
3.475528371928538474e-01
3.513685319918445904e-01
3.567795749157042784e-01
3.646720884438536814e-01
3.693027993154204269e-01
3.781222426841618911e-01
3.851430844532588993e-01
3.903177729971560317e-01
3.993986808025945523e-01
4.038405431497692488e-01
4.097664890212765476e-01
4.154994968900238561e-01
4.210888833626033612e-01
4.276481214692197108e-01
4.375747837805409879e-01
4.427227046131745891e-01
4.506891869206307022e-01
4.629541361921231668e-01
4.655167193325141506e-01
4.694367312462180419e-01
4.711463609938415509e-01
4.814403267321186175e-01
4.849344823328348708e-01
4.883801819203317796e-01
4.963688653337920420e-01
5.006945715203586778e-01
5.097418898075516402e-01
5.156136107405719926e-01
5.202315404743437233e-01
5.256035116645364491e-01
5.321960134340596449e-01
5.363922980224222758e-01
5.443777009192495298e-01
5.505956158388418675e-01
5.637567476433668068e-01
5.806978857676596828e-01
5.903443282598105357e-01
5.970361862364238492e-01
6.059497937731885830e-01
6.129299636961290654e-01
6.225930008698886686e-01
6.256149662020965563e-01
6.308488941419094775e-01
6.420593327202126499e-01
6.494596072377125662e-01
6.617986748235074046e-01
6.698783839619987246e-01
6.813069373649692784e-01
6.840981183193753923e-01
6.903690622198883631e-01
6.960329664243986025e-01
7.113366479897209604e-01
7.217485152859574038e-01
7.291166811241077683e-01
7.396903547107075427e-01
7.449581521813519736e-01
7.518298370716248735e-01
7.571609502641019063e-01
7.643582228325224159e-01
7.802561318115678324e-01
7.925113627283136841e-01
7.989628582552328329e-01
8.050010707166885826e-01
8.067803902163731555e-01
8.153004367476313075e-01
8.240315295336612111e-01
8.279934326381088727e-01
8.404175565038242146e-01
8.446943813102772980e-01
8.536089943081217601e-01
8.648049453323118918e-01
8.694422287453580367e-01
8.745886741953640131e-01
8.828121763598674177e-01
8.912131806526495392e-01
8.964739835420797442e-01
9.136898578680889837e-01
9.305235606357097344e-01
9.629271640330699933e-01
9.772346741949557991e-01
9.937087942799859297e-01
1.000200642151869435e+00
1.010342391102242443e+00
1.012019926502074174e+00
1.023124987427915578e+00
1.031857371536142320e+00
1.040747802684818035e+00
1.046287639396750624e+00
1.056298062282602812e+00
1.062255095493587653e+00
1.079120964394517879e+00
1.090560247531227045e+00
1.102871600651478046e+00
1.107665472107074223e+00
1.117892608091014095e+00
1.129735236093536876e+00
1.139416258154274164e+00
1.143268343739607618e+00
1.159781518607687412e+00
1.170573777270959015e+00
1.172523527824602230e+00
1.190651014762703408e+00
1.198701527451645932e+00
1.205685270752201665e+00
1.210998022592403078e+00
1.219895433020705022e+00
1.235119244123213722e+00
1.247045927974031354e+00
1.256622708781693465e+00
1.271823780490328293e+00
1.284153210051088845e+00
1.294663456257371337e+00
1.299356433120649523e+00
1.314272865478905539e+00
1.319339916360287024e+00
1.325383039217905123e+00
1.332147751326501206e+00
1.345700057315991405e+00
1.365359156119863471e+00
1.374825373587053035e+00
1.381358406682784423e+00
1.394576833288669659e+00
1.400155025230123806e+00
1.404473062568231345e+00
1.413652602845784312e+00
1.431689506866606898e+00
1.448973006413700304e+00
1.454790667847486674e+00
1.466244518176937461e+00
1.480940561770102804e+00
1.483573258083762170e+00
1.491442718033378467e+00
1.505688316405896954e+00
1.521342038973496624e+00
1.531282752317251639e+00
1.540887308440494596e+00
1.553335805461858676e+00
1.569824419252255021e+00
1.572016163911476250e+00
1.588449761759745060e+00
1.603423781679463200e+00
1.605405293344714268e+00
1.622019428738702862e+00
1.633197636736903657e+00
1.645659711998994634e+00
1.660472004168529692e+00
1.669970979077280093e+00
1.688133281318952683e+00
1.695636249889600489e+00
1.704562976349660142e+00
1.731784237792573400e+00
1.747207408076863588e+00
1.764119419436503300e+00
1.779605131558197106e+00
1.789800274057231855e+00
1.817590192799920512e+00
1.823139189624733980e+00
1.833996948320079978e+00
1.847182987691576406e+00
1.852599698439628462e+00
1.865779176125874850e+00
1.869122227199060626e+00
1.878951956959572067e+00
1.895900655255357004e+00
1.919759656949879600e+00
1.926185288293542408e+00
1.948819775763049877e+00
1.964554074863364974e+00
1.981863789404420428e+00
1.989847229476785495e+00
2.002059560129005433e+00
2.012812048466341874e+00
2.017112029219795044e+00
2.029386357601222546e+00
2.049914588039273955e+00
2.058846582741514553e+00
2.064423264919823531e+00
2.081057842522397117e+00
2.091179738989465964e+00
2.096535773866231356e+00
2.111996634580472598e+00
2.120328614772725828e+00
2.135960457890799358e+00
2.144024903562979922e+00
2.161322740722466218e+00
2.183450034936087913e+00
2.210425772262851751e+00
2.239135043716840023e+00
2.249634749983865145e+00
2.271168288039917105e+00
2.287483261534132950e+00
2.297318978639220077e+00
2.309771127760283704e+00
2.328586846017233203e+00
2.341198807280670646e+00
2.348716922770383686e+00
2.363929493496450540e+00
2.378558308031423429e+00
2.382484793026720560e+00
2.394782120314728591e+00
2.406021896628485646e+00
2.423867877424565442e+00
2.429593464514248513e+00
2.448495344306031551e+00
2.474070226814074847e+00
2.492857784950898381e+00
2.500453950783635637e+00
2.511947922600043626e+00
2.532270802982840685e+00
2.570498273454898452e+00
2.578320446336221483e+00
2.613001156957732718e+00
2.624844024369060058e+00
2.654898545213885797e+00
2.665065114123263079e+00
2.671341055303613210e+00
2.685932532563745756e+00
2.699662859542539373e+00
2.721369251181686266e+00
2.738062058036129898e+00
2.754561937185894038e+00
2.762369030259226754e+00
2.772259114702357419e+00
2.781619241838225509e+00
2.804228486839634105e+00
2.811051338340609718e+00
2.832219963878784608e+00
2.849031919202356544e+00
2.859513566682427843e+00
2.868366045971601164e+00
2.879411725855730797e+00
2.895540705737716269e+00
2.921384071723012621e+00
2.934949282882759025e+00
2.959449573466293337e+00
2.974543118440004186e+00
3.023147869109831021e+00
3.039565763673941490e+00
3.082498384287972737e+00
3.125509706551053757e+00
3.144834957776639239e+00
3.196467600687949329e+00
3.215648060146151899e+00
3.247716928824042171e+00
3.273521009605394827e+00
3.293630736908768064e+00
3.297670441655737861e+00
3.314551581725168727e+00
3.323952747491627058e+00
3.325393532918914374e+00
3.337051340625359686e+00
3.349481983033282706e+00
3.358728189719732971e+00
3.362377042735960053e+00
3.375036070972690982e+00
3.387225651501742263e+00
3.390411398110364516e+00
3.405742664437825695e+00
3.415575097549061301e+00
3.429879987887102022e+00
3.446310042628071724e+00
3.451235761426460158e+00
3.463096585090955415e+00
3.504986507654494599e+00
3.573204764019849211e+00
3.637535440705676582e+00
3.695377948047908756e+00
3.745367349025323200e+00
3.787733294400480233e+00
3.822547042072388823e+00
3.850950639197384895e+00
3.874915078391500511e+00
3.882843276539280630e+00
3.895133077203870364e+00
3.908118367937393423e+00
3.917590338448666110e+00
3.921194342665306642e+00
3.925006303428690391e+00
3.930301433519681531e+00
3.940992002903993097e+00
3.944580127068393782e+00
3.952856511588238586e+00
3.955965942852469386e+00
3.965485081668834511e+00
3.968138901083047898e+00
3.972516744062253302e+00
3.976186900199373486e+00
3.979524164992999768e+00
3.996163134514282511e+00
3.998667981916378622e+00
4.018368558384739053e+00
