1.692034433039843189e-01
1.246778227858435228e-01
-8.600169545685072692e-02
2.533388488382846138e-01
5.928707662875946083e-01
-1.454297303025818278e-01
2.296871034403184797e-02
9.187928293506587851e-02
-2.252813441036178865e-01
-1.695566541278310524e-01
-2.528193224949177309e-01
-1.019071445561788719e-01
7.638760378953013408e-02
5.434043074937117135e-02
-2.656379211050782230e-01
-1.252365302414720216e-01
-7.690258614772717272e-02
2.636601545791943807e-02
-1.402775202531986731e-01
-4.808568321521587176e-03
4.083289373975618891e-02
7.690700352378224136e-02
6.397640025534467867e-02
-6.182417742803993088e-02
-4.469107045746107537e-02
2.462537328039883164e-02
-8.694604517308712754e-02
1.833941130564611666e-01
5.215680733081021203e-02
1.289361444148508229e-02
4.519663517192714086e-01
-4.272123278321760670e-02
-2.823076885775650524e-01
1.223300018832712416e-01
3.038007489385317617e-01
-5.977204510566223178e-02
1.092888107381470852e-01
-2.589471089244622104e-01
1.099196212703873188e-01
3.033025022274203619e-02
-1.962632184769716459e-01
1.892182863890284894e-01
-4.563400962442050457e-02
6.924871746060490274e-02
1.244191978427086620e-01
6.064720590546782142e-02
1.069922016203465193e-01
-1.412143325347249290e-01
-1.659147310746495740e-01
-2.292643679513343968e-01
-2.710015597088396774e-02
-2.557902348090906330e-01
2.342620525202385173e-01
6.279252284784532234e-01
-2.091886399903227223e-01
-2.569974347156930294e-01
-4.120268797279176276e-01
9.995538393880790129e-02
-4.850173921248689818e-02
5.748038363151625890e-02
1.255867991015173213e-01
5.792907670827633915e-01
-8.248025845673202447e-03
-3.503358792289455736e-02
1.533071726356219355e-01
-2.953460744188957099e-01
-4.349761546686485847e-01
-1.409377158944246367e-01
1.473631637102494618e-01
4.897832477971859888e-02
-2.697737798290130717e-01
-7.951629093194462206e-02
-1.059617090849254151e-01
2.040146385841987986e-01
3.266138228764725593e-02
1.452157292258892674e-01
-5.033583878913071297e-02
-1.093483852957493341e-01
3.771967087646978245e-02
-1.150107038995167030e-01
3.556013218659375991e-03
-4.948216004184213257e-01
-6.579466511104760905e-03
-1.336980350783069371e-01
-2.262770644755651532e-03
-3.349414298834921255e-01
-4.052736548410926232e-02
-1.449831234334114927e-01
-2.696418461373052411e-01
1.417647025000512429e-01
-2.327963105258477328e-01
-2.701051273433064948e-01
-8.400592591236151485e-02
-1.035458857373288827e-01
3.874389171201034210e-02
4.714025204822266946e-02
7.317911635140635085e-02
-1.030128940012443456e-01
-4.822538431485053900e-01
5.287313077678328366e-01
-1.319056804950864137e-01
1.864115856953936223e-01
-5.619802690053594951e-02
6.293914160070546160e-02
1.198977460273437934e-01
7.549207293474793912e-02
2.572003459376757672e-01
3.379737534461154103e-01
3.531955496637161906e-01
-1.675681987199233447e-01
-8.997779275858981685e-02
1.083842636591547948e-01
-3.892548073916487356e-02
-4.247577825071528063e-02
4.294398580766593809e-02
1.122224170296707152e-01
4.179776003835215803e-02
1.923285345698091675e-01
2.862982257993051394e-01
1.366664407711748186e-01
5.226954248785668777e-02
3.458257503751104717e-02
-4.773503992147155178e-02
2.786909681459575072e-01
1.635910847256215606e-01
-2.557255964204725451e-01
-1.126138103530929108e-01
-1.236508218431871947e-01
-3.639272469072541982e-01
-1.013691097678360133e-03
2.454725638340218286e-01
5.468402462459365926e-02
1.542414591261646040e-01
9.666693688039469656e-02
-7.515684834871234898e-02
-1.865317164335570863e-02
8.232546922843705928e-02
-1.539489063365251376e-01
5.541013508441090807e-02
1.228548949889753245e-01
3.731356962294859470e-01
-6.923505750177774698e-02
-2.098040896522502807e-01
-2.834293147498252452e-01
8.614268691874332751e-02
-1.559592291032362854e-01
-3.407770455016522620e-02
3.178551988806249118e-01
8.096006747146136662e-02
6.730607452816125824e-02
2.356964608362686897e-02
3.200577400888538482e-01
-1.276327855113563170e-01
-3.485262494083842255e-01
-1.326395758692794878e-02
4.306562197306133821e-02
-7.546757305123614383e-04
1.098492550590198374e-01
-4.001642304590333765e-01
-3.720036095066384801e-02
6.098917190023677576e-02
2.138978520524061067e-01
-3.367044413294797423e-01
-1.274765512846373627e-01
1.148714933131174953e-01
2.218344639041695127e-02
1.642401409163517234e-01
-2.547499433103759259e-01
-9.878812205288942105e-02
6.551934187572797108e-02
-9.638281916851261510e-02
1.710520600802466207e-01
-1.822105682295802886e-01
4.778185257463293811e-02
-1.418073644273062095e-01
-1.284617946479313655e-01
-4.170041822440912448e-03
-1.664799409903576222e-01
-9.449428673736250117e-02
-2.921922874973141293e-01
-1.832154018111668559e-01
1.765594077689628949e-01
1.357070007807128359e-03
2.000868693709904333e-01
7.597268610718352355e-02
-3.464904846181808828e-01
5.406871678701827971e-02
6.527153267599461461e-02
-1.633339514236691603e-01
-9.335980350689590535e-02
1.872449973316112348e-01
-9.495430699025492888e-03
-5.819871754362140187e-02
-1.120102489919615196e-01
-1.128274823485823780e-01
1.458644225863802400e-02
-2.427695764255554181e-02
4.564114153893693987e-02
3.609532592536787154e-01
3.458162158342954484e-01
1.583225964954960152e-01
-2.106138373371014769e-02
3.695513586885231239e-01
5.034883065014741227e-02
2.171018654530996739e-01
4.374308504209529769e-01
-1.095656020200424102e-01
-1.152710436805867711e-01
-9.318210805680444964e-02
-1.050531355673474943e-01
-4.096978632183663205e-01
-1.641107350425987212e-03
8.909836319923122860e-02
1.074320387298180884e-01
-1.405523282908997806e-01
-6.831933530072585581e-02
3.139129927247043955e-02
-2.217718068674824627e-01
-8.632729370338561303e-02
-9.126647683203027717e-02
-2.370746680453794386e-01
2.775010035726207525e-01
-2.379439672898781000e-01
-1.411205154570130960e-01
-1.847606759761670214e-01
-1.207613081840453600e-01
9.524208235019408775e-02
-7.005351258882547283e-03
-2.293334683570393273e-01
2.024659188381587038e-01
1.223108293751244552e-01
-2.198333893944057205e-01
-1.788103415779410121e-01
2.107890149126865342e-01
-2.623318976270185843e-01
-2.543969659925139903e-01
-1.124682299992830897e-01
-1.536043918720239321e-01
6.214316761106580822e-02
-2.321710001680434565e-01
7.000970502181402821e-02
-1.625099021551642750e-02
-4.408796300045089885e-03
-2.747153886329983252e-01
-1.293503730419952868e-01
-1.142021940094909566e-01
-1.957148269782756356e-01
2.816193121932406562e-01
-3.651901838857118249e-02
8.143248554350693280e-02
-2.316923499354879012e-01
5.852837196058027769e-02
1.345570390074330436e-01
1.338563201380290335e-01
-1.575083536451375166e-01
-3.097885691017097654e-01
-1.013939005676283561e-01
-2.587588672626726580e-02
2.077671977231512757e-02
8.192567110214389603e-02
-2.650130413070267976e-01
2.109538152796962551e-01
-1.878979360017224431e-01
-1.800770090755914599e-01
-8.398948194841979187e-02
2.744963410116143393e-02
-1.832289873941875258e-01
-1.808958288965472061e-01
-1.007513808316462811e-01
1.519852513720800213e-01
-1.585342896106780308e-01
-3.957621708191438326e-01
-3.021040720422375481e-01
8.243520715463462101e-02
-2.997883870273312934e-02
2.000077147072727435e-01
3.577280914101068077e-01
-1.952568132475346607e-01
1.755730120471841538e-03
-2.019296638481622996e-01
1.114923229587629350e-01
-2.996567644565758734e-02
-1.554589528580397617e-01
5.970851447382004296e-02
2.308407768475045085e-01
-9.458372728500644144e-02
3.203834468411970171e-01
-3.820614696665298321e-02
-2.857525580978869106e-01
3.332517476997871875e-02
-5.517606039398902096e-02
1.819077260609876512e-01
6.131933992916138720e-02
-1.289519507647973462e-01
3.684058050546546448e-01
-7.562469884350501992e-02
4.269535121204536682e-02
2.131574773969978701e-02
-1.215026621739088292e-01
1.427569158949449080e-01
-4.651696610830635681e-01
2.388532244271463767e-01
-2.706546226063433758e-01
-1.776528832760794763e-01
-2.292272843842948493e-01
-7.815753670395803043e-02
-3.506432438583182432e-01
-1.615188536776120398e-01
3.504726242178571316e-02
1.218965074528703119e-01
-2.622082944427169340e-02
-1.841842480360701417e-01
-1.451815159126878252e-01
-1.150555845302430047e-01
-2.248240213334707083e-01
2.821932283931966601e-01
-2.795971484351515990e-01
2.183344083004947200e-01
9.680737864011598748e-02
2.711365349513880640e-01
2.226147235333302832e-01
1.256044676682882555e-01
1.626567523878790777e-01
2.792482989639955560e-01
-2.148471503063446170e-02
-8.879674398492211351e-02
-1.924593903681234841e-02
-3.653626112944843851e-01
3.341855243744381587e-01
3.476381133551947333e-01
-2.553151369869083864e-01
-5.571487227394335273e-02
4.325864650462247227e-04
1.602974937092963292e-01
2.320945574387780486e-01
2.008094765051796349e-01
-6.826600478010638740e-02
-2.846657947058560678e-01
1.068913113206145654e-01
9.359381512929772218e-02
4.382282036006018844e-02
1.957483504916976425e-02
-1.737564631782073099e-01
-5.647078295478313165e-02
-1.444658424047049090e-02
1.245204488306086293e-01
-2.441515648092561219e-01
2.981466497815347116e-01
-1.211671875250631969e-01
-3.647258320483509619e-02
5.079505531265197937e-02
-2.589870287227643009e-01
4.945010048882489406e-02
5.228779088935624902e-02
-1.610101707815982455e-02
3.676056913695207595e-01
1.816937243237252697e-01
2.439371808629995156e-02
5.020447577652490528e-02
2.762154005262432155e-01
7.783329002383705675e-02
-1.681897353942339302e-01
3.200692226752747671e-01
-2.370790798365846608e-01
-3.187970610603937938e-02
-6.214114462498242925e-02
-7.854576927538675646e-02
2.974322375431457388e-01
-1.685689660487508512e-01
3.490523109572935545e-01
3.841389304767136581e-01
1.718826989772634373e-01
2.450472250883466152e-01
1.464527963041987735e-01
-1.620264505923844911e-01
-1.708818027137289641e-01
1.768524305165352639e-01
-1.502293138589258781e-01
-1.308307879180690969e-01
-2.849047274597492352e-02
1.138344763745643695e-01
-3.589660873216264925e-01
-2.724979076990914351e-01
1.164031683176247473e-01
-5.794081715232775320e-03
-1.091914065002402151e-01
-7.818908256015458247e-02
5.053627034632822701e-01
-1.099920544802989314e-01
5.060320343676182331e-01
-3.355442218902638940e-01
2.445107943925976246e-01
-3.393616720674186293e-02
1.239360306072361390e-01
-4.239775857730062464e-02
-4.730052464514305499e-01
2.300602376554095330e-01
8.660508686472247891e-03
1.505239680196476248e-01
3.010951125441845289e-01
4.162461500655804114e-01
-1.122217317422536387e-01
-3.309235390297125545e-01
9.545129883333366982e-02
-2.648530171338803196e-02
3.212075593246432881e-01
-2.908151768246648727e-02
-2.896768413627927030e-01
6.348113894359545817e-02
-2.180789910898661699e-01
-1.552762738647370522e-01
2.055332409915576197e-01
5.858541829856285521e-02
-5.326679052365287416e-03
2.032489647375791131e-01
1.103366239963863432e-01
-2.489151731347380436e-01
-8.951038871267209124e-03
3.104824788545853045e-02
-2.005243258883228630e-01
-2.058794881731595972e-01
-1.648977732707243016e-01
-2.032284001088232039e-01
3.886301750950377221e-02
2.778950918967663664e-01
-5.357521396201770925e-01
1.487453544639662784e-01
-8.856088957348133561e-02
7.948661961016088850e-02
5.193275840653659332e-03
4.118951552637944991e-01
2.251842304407264961e-01
2.367492679675200357e-03
9.843746929541999369e-02
-4.190968072669346567e-01
-1.330965325875942407e-01
3.195080529376650991e-02
-3.452261957778471890e-01
2.376098407028006676e-01
-3.442308127942630969e-01
-5.468224441980518158e-02
-7.777018357283167760e-02
3.861137025773068165e-01
-3.588374006318164472e-02
-3.392129719158122614e-02
-2.665657913372515564e-01
-1.310324747981122806e-01
-2.509128666357550719e-01
-1.907370986838326510e-01
3.209588074887469861e-02
-1.001268590775531431e-01
-1.457072540467084162e-02
-1.988842680586998951e-02
2.636456503934040407e-01
-4.159576071310611828e-02
1.359035132221239062e-01
4.845675735443932125e-02
4.955991188594727377e-03
-2.999496991924053835e-01
3.100266530439532361e-02
-7.814508231583398856e-02
-8.246986497371952204e-03
-2.450186221872511783e-01
1.670917205490890858e-02
2.649213779648668665e-01
1.647708975967688838e-01
-3.048369873135846689e-02
1.198106956417374289e-02
3.064582011297815045e-01
-3.258694565268357990e-01
-5.680101095720180987e-02
-2.564245603313723421e-01
-2.249829206961777017e-01
3.560042579132879914e-02
3.027123524635109975e-02
1.474623726327159434e-01
1.600232415507023553e-01
-1.190488795049133991e-01
1.575655677118812520e-02
2.002628112991493847e-01
-1.938440860699910395e-01
-3.793693371495093225e-01
1.030006180376317887e-01
-1.610468570817432110e-01
3.023630108800259286e-01
-1.214858021425847118e-01
-8.563029488372263243e-02
-2.813314615548089259e-01
2.335805537613214189e-02
8.104034569888321493e-02
-3.376080130471660334e-01
-5.560356996930149870e-02
-5.561721964306840654e-02
3.021229485092840616e-01
-3.191474867320827635e-01
-1.705947839531900545e-01
-1.000390636694040575e-01
-9.769558900361255405e-03
-6.565074622065122933e-02
-2.282707834391590751e-01
5.179969955452711217e-01
1.181016861199503942e-01
-2.381209808116153959e-01
-4.297002573886554017e-04
3.169897380936613496e-02
-7.903825362585310821e-02
-1.689574616460147102e-02
8.158203496181790082e-02
-5.349387137621825633e-02
3.510301777796361045e-02
-7.843456725899542251e-03
-4.169287726211525630e-02
-1.534676668987391135e-01
-1.634168730695091387e-01
7.834865429861383179e-02
2.676403002105137152e-01
-1.297859419598846875e-01
1.279473855183235198e-01
-1.253196121023119822e-02
7.779165181163724685e-02
6.446803158121788835e-02
-2.487766996423338567e-02
2.490486351470621307e-01
-1.044817189725849443e-01
4.582990751734377505e-02
2.491093008683670507e-01
-4.365497862979114685e-02
-2.520504003221676892e-01
-9.835578516791140813e-02
7.136790596732257852e-02
9.897813998390130041e-02
2.741593799069636309e-02
1.639974289792667794e-01
-8.679430463717647745e-03
4.602155715495729327e-01
-4.692677997356582004e-03
-6.672177137269520719e-02
-5.046168210564146855e-02
-2.653727253808471284e-02
-3.419146143897789508e-02
-1.420109476338754229e-01
-3.409925756149742027e-01
3.127449259124284175e-01
-5.000282261802916350e-01
-1.532438982267248645e-02
-1.050760280809902303e-01
-1.138133920289101098e-01
-3.137904338759672784e-01
-1.442753981588946743e-01
-9.232127766194923868e-02
-1.048287316240630318e-01
-1.494495929400798707e-02
3.387721460394559347e-01
2.424858802921140422e-01
-2.204308247856758829e-01
-3.266968210904197534e-01
-2.519145371954782386e-01
-1.902076468252822949e-01
-1.790518326253157932e-01
1.055305116085307054e-01
1.183852882752360475e-01
-3.083147658560555365e-02
2.608008307365330403e-01
1.553698259588879027e-01
1.170883362851156684e-01
2.132887314893468222e-01
6.980129396017697996e-02
4.220943621386361033e-01
-3.853917954386783529e-01
5.158388542763817641e-01
9.126602034985006884e-02
1.904936274010147756e-01
8.791166829884493328e-02
1.398389529948158017e-01
-1.546683627723773047e-01
8.493724908464388157e-02
1.776282506251014581e-01
1.678026294540372818e-02
-2.599910045080954801e-01
1.603053225419528716e-01
-1.750958691960417257e-01
4.611070168531681418e-02
-9.470346716614572169e-02
8.681280300378198256e-02
1.060727268541206553e-01
1.481115013565120486e-01
-1.754093119624674235e-01
-1.781133831800705558e-01
1.373681966735129378e-01
9.077369954975962607e-02
1.785136342202104931e-01
1.412375396368253655e-01
-2.099298048671220107e-01
1.259890333879648827e-01
-2.641258344376411216e-02
8.195431573444814100e-02
1.232369278350920611e-01
-3.177333367215763316e-01
1.683559479253824986e-01
-5.258724243040944213e-01
2.515352589033386863e-02
-7.687505637823496829e-02
-1.002211562872285522e-01
4.689248642239837728e-02
1.403316181464601686e-01
-7.317613886409750877e-03
8.684270647221316308e-02
-3.733330646048827473e-01
-6.021426318832142494e-02
-9.250557896791988810e-02
1.222653962136682759e-02
-1.544533146223552034e-01
-1.002743105634833626e-01
-9.093773088045374597e-02
2.997984693751418739e-01
-4.744934740065945289e-01
8.109655159338108321e-02
1.427053784421503102e-01
-2.449530374486092177e-01
-1.337794405754563209e-01
4.589988072069836056e-01
-1.304932614033715577e-01
4.499265177586277836e-02
-2.143001640083804227e-01
1.826590515186408969e-01
1.120590035933553413e-01
-6.547659996684496164e-02
-6.540338292021172784e-01
-1.338570470785900302e-01
-3.729563636361560852e-01
-3.856952713306358721e-02
2.391380074907083486e-01
2.018362432133178064e-01
-2.149269604333168757e-02
-1.513980432682292265e-01
1.938204963914690881e-01
1.079962274392645555e-01
2.954339446469438912e-01
7.176925342772576266e-02
-7.586558971562570169e-03
-2.192802918732573991e-01
1.426301012165301918e-01
1.464345631735856357e-01
9.993694712514727962e-02
7.457410817800648462e-02
-2.018020772746714764e-01
7.665652021259648785e-02
1.507407340005879892e-01
3.571676253477155116e-01
-7.062526014312558477e-03
-1.729839852420260726e-01
-1.233623793999740759e-01
-5.634547037135412967e-02
7.820020854158031554e-02
-3.705283763902162963e-01
1.223286675696282216e-01
-8.940281109887968092e-02
-1.863189620635292143e-01
-4.906120534905059061e-02
-5.889227877922110360e-02
-7.672157516663616339e-02
-4.429357210170370429e-01
2.381519953623405794e-01
-1.985698002683745911e-01
1.077663728013978778e-01
-1.831509987952669172e-01
1.844734248562123480e-01
-2.528475142468802894e-02
5.205097215430586240e-03
1.596371183250807901e-01
1.722658189597090286e-02
-2.073937936986696151e-01
-1.271724056536537723e-02
-2.902616125024804483e-01
-1.882437540442374047e-01
-6.387222014881466237e-02
9.668494963032132905e-03
1.344051945517674151e-01
1.957732816340339299e-01
1.191966449688549798e-02
-3.740791460905923960e-01
1.568906620378077849e-02
-2.474809245868317409e-01
-1.174717807243225512e-02
6.244694799898340559e-02
-3.075751136215140735e-01
9.173550782786925317e-02
2.678817348295422507e-01
2.051338553750589877e-01
-2.385859042738340541e-02
-3.995617186235178586e-01
-9.135701904700460618e-02
3.212378084668651712e-01
-2.131654334997993006e-01
1.312736683643336288e-01
1.726719263751581301e-01
4.053667705491967310e-02
6.654863650426195987e-02
-9.856873742706234731e-02
1.567955473018291246e-01
3.627002307520585389e-02
