1.565369753753707502e-02
3.402488800432027644e-02
4.480458084401160723e-02
-9.139714522740944452e-03
2.937416646052607577e-02
-2.475851749524952267e-02
4.568722502152265837e-03
1.088865567117378941e-03
1.785593530676869017e-02
-1.469868188793713344e-02
-1.906818211431929311e-02
1.582429951946094995e-02
9.020067870106830005e-03
-1.063280275945640771e-02
-7.409626972907996240e-03
-7.371814801169226418e-03
-1.484209396656145869e-03
1.760901136591275576e-02
-2.304335126961576038e-02
1.931798669371117064e-02
-1.517528516365550598e-02
-6.795082601228956409e-03
-7.876829838793985780e-03
9.888753641238605743e-03
8.582015486296735432e-04
9.663081044326128285e-03
-5.791277097862727527e-03
-1.556165868057897590e-02
5.410856988768610737e-03
2.709634762002295985e-02
1.058130306234456725e-02
-1.169350485229038276e-02
-1.204569781864520128e-02
-1.071097633507315378e-02
1.405393126066389366e-02
1.660016301137502703e-02
-1.398495086626187246e-02
-3.409872219975087354e-02
9.716674268822016527e-03
1.764464225079664592e-02
1.131065557549503810e-02
-2.815712551052780392e-04
-8.643203154611126329e-03
-3.137946260558475975e-02
1.413012811449941217e-02
-3.386336333634906021e-02
1.304189109159483231e-02
3.877307301191936385e-03
-1.341559720501685204e-02
-3.903772927674384590e-03
3.980621052646524105e-02
4.040322233153100830e-03
-2.447229042021198571e-03
1.741804231192279825e-02
2.155667772099655738e-02
-1.045450448708734777e-02
-2.253920937142283795e-02
-1.315910637314926003e-02
-1.679559455137160165e-02
1.582780992827828928e-02
-2.148237610959456700e-02
6.627430905059849241e-03
1.812398936679415762e-02
-7.546940773802827615e-03
1.590364675948697333e-03
-1.545690706570429724e-03
7.019209598452003443e-03
5.985942108805156897e-03
-3.275211274144802787e-02
-1.165526498835945356e-02
4.884412630937140509e-03
-1.053384891537197804e-02
1.173751782902308395e-02
7.368210464273311673e-03
9.530265571787002732e-03
1.860676416715969714e-02
1.609171214103921610e-02
1.046665180747547753e-02
-1.295110164880755588e-02
1.627143721876066554e-02
-3.366508254123109362e-02
-6.824590047094490370e-04
3.728623525785684008e-03
6.265072855533034175e-03
2.836261904643336339e-04
7.446717106524871656e-03
-7.502284979483422878e-03
-3.122399534964808571e-02
-6.379154350425297881e-03
3.540651499615660603e-03
-1.111291659294339970e-02
-4.340225541471869758e-02
-1.420433936647945601e-02
-1.266264769992119128e-02
-5.164153337872957363e-03
2.729492393482308224e-02
2.191444479200245488e-02
1.544491246812376576e-03
-5.844844337322129511e-03
1.689884178444183045e-03
-3.021683500292919947e-02
1.847132706423286821e-02
-1.161498076037980470e-02
-6.940675706037001749e-04
-7.719185883433760109e-03
1.117618713451730070e-02
-1.682822312382094634e-02
-1.687951387598727454e-02
1.681106305598519327e-02
6.939317846967362965e-03
2.716509209646830909e-03
1.314685963482772890e-02
-2.469971863044194416e-02
1.053023301526912966e-02
8.277767500802813176e-04
1.275374292199490424e-02
2.714321418706398120e-02
1.946188321758386339e-02
6.796291113145162821e-03
-1.340439073943868083e-02
1.303879663876172587e-02
-1.749671295675219720e-03
-5.612891878382810992e-03
1.065213964447194774e-02
-6.331628059026691907e-04
-1.071231425384411122e-02
-7.506969567336499449e-03
-2.244642035287822829e-02
-1.858196293190616730e-02
8.114998014651843977e-03
-1.127625255474124302e-02
-1.275073148966406576e-02
-1.841577059317043782e-02
-2.981990566392457229e-02
-7.339205817386402174e-04
-7.983757175694555005e-04
3.883491270781979070e-03
2.256842333008253487e-02
1.282514725975324567e-03
8.141654037817634346e-03
1.233491967943755457e-02
-9.816609925481606727e-03
-5.385439655708210496e-03
-4.759625248533694460e-03
-8.704773410029705352e-03
2.116350998428880373e-02
-2.053623040410436362e-02
-1.494802040085620003e-02
1.363793996667984898e-02
1.696241564923945191e-02
-1.289017308169321599e-02
7.331156898678716644e-03
-1.464895062495183420e-02
-1.872106044146052556e-02
-2.051189764361878790e-02
3.057697994777407863e-02
1.487642484682784099e-03
8.106142316550208129e-03
-1.586317064836853183e-03
6.349855299369957379e-03
2.683396358713299734e-02
9.958710883601500953e-04
-3.209276394065208472e-03
-3.088399341001203321e-02
-3.641929636603164627e-02
1.418656962389314331e-02
-1.736607224836333660e-02
-4.789072050471409291e-03
-5.091699289236530437e-03
-3.546136296169937613e-03
-2.515109569797209163e-03
1.651917227544553307e-02
-4.684704838663016242e-03
1.793495111358513194e-02
1.466156944139970775e-02
-1.165792607034710215e-02
1.855844790521845407e-03
-1.884131119259851604e-03
-7.996747333774424996e-03
1.010043622984920560e-03
-3.924059915182501537e-03
-1.337999609389957855e-03
-1.472055514918239189e-02
2.706607004092803984e-02
3.490724048420996550e-03
1.987186745732597709e-02
-2.111185127689494886e-02
-2.395900197221997267e-03
8.049079631712788632e-03
7.620826902688521837e-03
-1.363050621433300634e-03
4.853071555125124288e-03
-1.444625095097541376e-02
1.623999546101879618e-02
-2.442806545169961749e-03
-3.729148578299716112e-03
1.464089306876666975e-02
6.634304664971074454e-03
1.462950923376682248e-02
1.156262813498446299e-02
1.687731043502231285e-02
3.907341235829993494e-03
2.262934677060693747e-02
6.700704468216172466e-03
1.118047258510672772e-03
1.101644918379859547e-02
-2.869384443518424588e-02
2.558215670776146228e-02
1.532647120628956652e-02
-2.910490522213768708e-02
3.064351111316839654e-02
-3.830142699578863164e-02
-1.117388375355785404e-02
4.899951875010565786e-04
1.293087141354550083e-03
7.568734307022821801e-03
-1.923724640252637286e-02
-1.294481767692336020e-02
-3.761158636345138164e-03
-2.427915820526167778e-02
1.277318874277550472e-03
-9.629747376072006135e-03
-7.815788935643760982e-03
1.661137580340446953e-03
1.365261632700314441e-02
2.542706099852760568e-02
3.628127780265156394e-02
9.944333924109770989e-03
1.416613673201951203e-02
-2.211386235986463264e-02
-9.146503597687059839e-03
-4.855409114835853484e-04
8.975279769713395087e-04
-2.820338021534365275e-02
3.728807406318025448e-03
2.226015738688520013e-02
-8.762473346642428093e-03
-1.095200740114651156e-02
-3.127835020796892324e-02
-2.235405670039840656e-02
1.587232561461283942e-02
8.525909935263125544e-03
1.879584064755318931e-02
3.506409502451893895e-02
-3.253193755812513327e-02
2.454792316387336554e-02
-1.360173156089862154e-02
9.128604509954856353e-03
-3.870503299892259427e-03
2.325173224521220189e-02
-6.789946254088115828e-04
8.217217537424761561e-03
9.983314560470151269e-03
-6.953358217527845324e-03
-1.737337040184096584e-02
-1.578998347165691887e-02
1.505654731758348380e-02
-8.785271601723418367e-03
-5.142134184628914181e-03
-8.804080197504219512e-04
-1.202785314443877845e-02
3.243283126690176682e-02
1.830870087687936406e-03
-1.619217604401604555e-03
-1.050361755007727001e-02
-4.784525598310225558e-03
-1.376622390198092459e-03
-8.622235980416314768e-03
-1.523793519101194517e-02
1.616037246779665482e-02
9.817147454439106163e-03
-1.670230284717937053e-02
-6.376980312919332781e-03
2.930043214420975130e-03
3.880781151271694290e-02
-3.237740811646272476e-02
-1.903060375964489570e-02
1.553726012421183245e-02
1.309454493184569182e-03
1.722582990790675912e-03
-2.468729030957381165e-02
-2.591779210665367747e-03
-1.077786193398248479e-02
-2.247416838855109417e-03
-1.792225078590724968e-02
8.834513435081063626e-03
-2.823699203986688479e-03
1.511429428450801297e-02
6.996084517997292482e-04
-9.386361039913799012e-03
-1.300040846685146002e-02
3.999956497419444867e-03
-2.227239574827075824e-02
8.950542419738092073e-03
-1.120294309661799478e-02
-6.031764428077631725e-03
6.253306103751718296e-03
-4.196377600293991865e-03
-1.299498297554985485e-02
-2.462852739450304557e-02
-2.037495175138334235e-03
7.314666654825666831e-03
-3.102778114427987531e-03
-3.953467262477266923e-03
-1.690587455415393453e-03
1.034024231124728091e-02
8.119710478039922352e-03
1.995610659617504112e-02
-2.188780751637117716e-02
-2.259311916053418148e-02
2.224396070901800502e-03
1.416275243610835149e-02
4.858386354679288671e-03
-3.329727115842175122e-02
-6.470496615618351495e-03
1.173186577135617095e-02
9.139872822703226998e-03
-5.770248972887619815e-03
5.940685362596818259e-03
-1.402056798999485113e-02
-1.423957979348943956e-02
2.240031813231651084e-02
-5.952401736838031955e-03
5.015311127670354051e-03
3.570620138472370550e-04
1.868835661508036136e-02
-7.194416834758935071e-03
-1.997354628676096741e-02
5.910495177387883881e-03
1.435639319373535096e-02
-4.980188377284949786e-03
-1.685722533750711252e-02
-8.152895200895200062e-03
-4.627781622203784237e-03
-3.412463682488855055e-04
-1.242676536337713154e-02
-2.245709963011806830e-03
7.221819698172428706e-03
-7.039037841135819575e-03
1.532513578669263132e-02
7.315373848842346254e-03
1.644674510421175254e-02
-1.891376400785308581e-02
1.348226761832317655e-02
-1.660366237837858014e-02
-7.293869538509291546e-03
-2.749538470006848700e-02
2.148445751532708503e-02
2.454382916050016142e-02
1.506944030713846562e-02
-8.622820080493854428e-03
3.193265584622113559e-04
-5.852953971641217286e-03
-3.045408055926194547e-03
2.101706028228387049e-02
-2.938224470145103101e-02
-4.669065055071399718e-03
-2.687821544863914364e-02
2.108672269702302135e-02
-6.884813228918597447e-04
8.699349060657149109e-04
-2.017353735691759450e-02
1.714876642971730966e-02
-1.282425497551486007e-02
2.343730941605126281e-02
-1.172757999656891779e-02
7.424557006421447607e-03
-6.872449957782221681e-03
-3.062779214297447691e-03
7.765158117086957620e-03
-1.695732725131788438e-02
-4.097968397295627396e-03
3.846766444585424799e-02
-2.479575689148764018e-03
3.413695133262462100e-02
-1.768463479199394749e-04
6.608642839498668139e-04
-5.471503306374753649e-03
2.108833243511090000e-02
6.326020846332503986e-03
3.914176538304576375e-03
-9.276987221907171885e-03
-1.522491459700123229e-02
1.520482216780526990e-03
7.437294102355830085e-03
-7.041660910337274246e-03
1.762984215873589916e-02
-2.241005066194849335e-02
-1.222634152467855576e-02
-5.330589832690714285e-03
1.040025424796438627e-02
3.116473691094377284e-03
-3.658323429621313135e-03
-1.766023453488685391e-02
1.690513584035905834e-03
1.303812881843910074e-02
-7.423416570040102316e-03
-1.468425070971975804e-02
-1.180213984288194622e-02
1.728254162538919725e-02
2.428051772701858915e-02
1.613172455401788372e-02
3.396342902443094669e-02
-1.085919186445931210e-02
-8.528416795620481425e-03
2.446402465458257739e-03
1.362150970530599109e-02
4.495068370141680827e-03
1.713233973521557582e-02
3.984978179050694541e-02
-2.513084890871674845e-02
-5.211790315107677797e-03
-1.893093345524505741e-02
3.348215238037141606e-02
2.063211926542541166e-02
-9.892112749126005800e-03
-4.281224228806783556e-03
2.274819540586251951e-03
-9.206651370977009252e-03
-3.432301269530909759e-03
-1.131456117093692683e-02
-1.759500473837999346e-02
-3.235206920342327108e-03
3.614578793940935453e-02
1.299252907892487104e-02
-7.832424919938190885e-03
-1.286134381624018906e-02
-1.786673361509464805e-02
-7.067954167605068269e-03
-1.282757982538379991e-02
-3.767504029929348575e-03
1.946190325367772728e-02
-3.852467665306774647e-02
2.222508966430682825e-02
-4.290656471914650050e-03
-5.521846586689536755e-03
2.055677923595231196e-05
2.301352851631331686e-02
2.004405719813188644e-02
8.458007927138423351e-03
2.483987285851784257e-02
1.405046934934603767e-02
-2.179454683482608818e-02
1.670551239808413385e-02
-1.933711326780587249e-03
1.036578096168707351e-03
9.015691534247317548e-03
-9.198173124262480974e-03
2.786575612827979151e-02
-7.099877315264544603e-03
3.429934403900038870e-02
-9.727394299184137852e-03
2.259929635490926306e-02
-1.717162217840195390e-02
1.164970969878326851e-02
-3.402623636286868265e-03
-7.833628861754338493e-03
-9.170281351963493685e-03
1.292509550026944322e-02
4.344792031232813092e-04
1.723348601747604764e-02
-1.040206680456331849e-02
2.760248568510420032e-03
3.576079204412434698e-03
-2.335677779571080498e-02
3.854313620268980112e-03
-3.120842532107235764e-02
-4.198367337566650571e-03
-5.874926507212531457e-03
-2.176553023611820653e-02
1.072120147715213169e-02
5.856572752783895976e-03
-3.412624365760174444e-02
-4.259626250460500294e-03
-4.396497227865132224e-02
-9.645510572692542195e-03
1.011218193317542455e-03
3.025135128118171604e-02
1.161479834949068722e-02
-2.348582410623186248e-02
2.865164866227432397e-02
1.842971551309544043e-02
9.761830076281941687e-03
-5.050935017072338655e-03
-5.689211533846694722e-03
2.276233265538867706e-03
-1.189672442157976677e-02
1.789608534742696822e-02
1.053918221002143364e-02
-9.049287911931863182e-04
-1.576945207339553845e-04
-1.699098446457183997e-02
-8.065909402456749797e-03
-1.933809092058216481e-02
2.152341122151552738e-02
8.065527668437473194e-03
-9.891334656168225548e-03
1.193285559351087502e-02
-1.203704547814597389e-02
-7.484179730216376824e-04
-7.215221381255168889e-03
8.974525187809376248e-03
-2.040558432481006518e-02
1.286037009483415559e-02
1.399936909908117838e-02
-5.497929798106592457e-03
1.408985842178586863e-02
-8.196069301382375924e-03
-3.542648148684985460e-04
-2.023929785343532572e-02
-1.075778593382785246e-02
2.234393334363127953e-02
-3.696327787545614346e-04
1.154489584912527563e-03
5.486459476518426234e-03
1.578142662066527729e-02
-1.692064965312687838e-02
-2.566948701242200911e-02
3.587770591627878307e-03
7.562156557316963845e-03
1.699401708698540861e-02
9.124308481570174824e-04
-1.783235694776411084e-02
-2.648979157043598268e-03
-1.634592442206123791e-02
1.728535271236449544e-03
1.863956422320151712e-02
-4.469683991171894463e-04
2.019864421769875309e-02
1.110785371997133168e-02
1.166087206835314527e-02
-1.512561193961221677e-02
7.213649421381366361e-03
7.793325889032921101e-04
6.800534229989751642e-03
-2.747986852790358300e-02
1.634965474573406644e-02
1.815142144866874543e-02
2.332416946879390524e-02
1.293575736116641534e-02
-1.460608579580322842e-02
-1.319608018965136298e-02
-5.809900225346616154e-03
-2.817679651239452313e-02
-2.742544181958450622e-02
1.457450184384480318e-02
-7.242945379799262985e-03
-1.106602743228725198e-02
-7.674426384188882781e-03
-3.649524454333136908e-02
-8.031569547095530892e-03
-1.867483693517785204e-02
5.651308032285379951e-04
-5.537745207872517977e-03
-7.971207423287713159e-03
-1.883792382132434481e-02
1.379399241368197380e-02
-3.622197137222734654e-03
-2.547661232968285398e-03
-1.905879015301206129e-03
8.177494019341818507e-03
1.496819726948906380e-03
-2.504991348129187792e-02
-2.479364418793581284e-02
-1.156981639578658766e-02
-4.394632953361649053e-03
9.516964557178578601e-03
-1.341602385508529512e-02
2.552009006363776394e-02
9.019714943153242862e-03
-8.133444226365058732e-03
-8.462096710782759587e-03
2.521081938560276389e-02
1.572689403116760490e-02
-8.368161187849661869e-03
1.817584765096391664e-02
1.757995476639663979e-03
-7.970127742076792837e-03
4.613330194858417284e-03
-1.592047907817269875e-02
-6.403143566116628431e-03
5.868474733258834987e-03
-1.365013555591312357e-02
1.796310489589350232e-02
-1.605256814613913521e-02
1.401128453880453803e-02
-3.120368572202269174e-03
-1.189492746247355209e-02
-8.409120025744879282e-03
-1.350383639956199804e-02
-1.880359632142485126e-03
-4.628880029857850714e-03
-1.592126793849944072e-02
-1.026735124923635646e-02
5.682976598163370571e-03
-2.368168561001653127e-02
-1.846133484206022649e-02
-1.712116173616966622e-02
3.924773074813826812e-02
-1.296520987511472125e-03
-1.312685157012124897e-02
-1.870668596229104613e-02
5.255619004523156591e-03
-5.857296339387653948e-03
1.539469913228477642e-02
1.772156015201367327e-02
-1.971463349781820903e-02
1.351714365641368265e-03
-5.243838414977816664e-03
1.635211518443766346e-02
-2.805467814356088149e-02
-8.609416016432187152e-03
-1.454485921882930910e-02
1.580919690588290100e-02
1.359683369773476320e-02
-2.106828015887335023e-02
-1.276633792179651672e-02
2.287655942510944881e-02
6.463880555442705692e-03
4.344280320197329431e-03
-1.874301366962751250e-02
-2.230648075272559719e-02
-9.379196287286427737e-04
-1.270165259521896690e-02
-1.046486430832278998e-02
-2.948835565599262649e-03
-3.013210406127556779e-02
1.513743215581737217e-02
-3.259852774964857453e-02
-1.604067059522185394e-03
2.081777646710077437e-02
1.556012896610655186e-02
3.767868864281800814e-03
-9.154099647616304944e-03
1.546541395876376403e-03
-1.632535357417015751e-03
1.023897784430189556e-02
1.670757213040399702e-02
5.945413932355406508e-03
-3.092266951709003470e-03
-6.472348911038467920e-03
-3.132631114742550488e-02
2.156446266563490088e-02
-1.486247851109600421e-02
-2.208347102942469914e-02
-7.708501713906288559e-05
4.991575055982419053e-03
1.524898634562039078e-02
-1.223424444342001947e-02
-1.493161167323854002e-03
-1.398693800692759649e-02
-3.886262099725784624e-02
2.822537179309591790e-02
6.334001661838579295e-03
2.874389961617693917e-02
1.728092401729406855e-02
-7.778127988186132880e-03
-1.096884003052989338e-02
-1.638029888654880459e-02
4.104457135957528813e-03
1.285144079743122565e-02
2.206562908850351334e-03
9.021663153683750699e-03
-2.175989791209676037e-03
6.609293492236618245e-03
7.448023152127843972e-03
-1.063552660451931760e-02
4.555758826432040019e-03
4.952859483106202172e-03
-1.926500807560392256e-02
-1.123967054549832208e-02
-1.096413457675141784e-03
1.591179219533969333e-02
2.499376456117169062e-02
1.431284979804713781e-02
-4.828374612746101635e-02
-1.719500148378127384e-03
-1.586674128761433530e-03
-2.948988486041871290e-03
1.540640524056119398e-02
-9.461292304995370592e-03
8.833132940842395794e-03
-8.295773449381706535e-04
-1.972045083693740181e-02
-2.591531526543771474e-02
-2.483427023455581431e-02
1.816036423903556393e-02
8.666997397557161739e-03
1.710666919038878950e-02
1.867758655852533485e-03
1.987533598020805800e-02
2.619031880572710372e-02
-3.120505590910660487e-02
1.091928182591007891e-03
5.118926175873470680e-02
3.897618095135373367e-03
3.192839176781557542e-02
5.028162455369644852e-03
-4.493901609492256810e-03
8.580425645614193214e-03
2.253183905931968253e-02
