1.381407725825363642e+00 5.310000000000000000e+02
1.405155006362397874e+00 5.320000000000000000e+02
1.413118738574030031e+00 5.330000000000000000e+02
1.420823360237851052e+00 5.340000000000000000e+02
1.425684638804832094e+00 5.350000000000000000e+02
1.434036904611135199e+00 5.360000000000000000e+02
1.439857512734031397e+00 5.370000000000000000e+02
1.454771830821173006e+00 5.380000000000000000e+02
1.458366259598433023e+00 5.390000000000000000e+02
1.480419307738985113e+00 5.400000000000000000e+02
1.490378390642160156e+00 5.410000000000000000e+02
1.520800709645227844e+00 5.420000000000000000e+02
1.522127764821554985e+00 5.430000000000000000e+02
1.594886795637801225e+00 5.440000000000000000e+02
1.679830055283770607e+00 5.450000000000000000e+02
1.769790800580074874e+00 5.460000000000000000e+02
1.860576235183482252e+00 5.470000000000000000e+02
1.948917589891229873e+00 5.480000000000000000e+02
2.031570808475166245e+00 5.490000000000000000e+02
2.104036853346301417e+00 5.500000000000000000e+02
2.141453790132197277e+00 5.510000000000000000e+02
2.153785797564260918e+00 5.520000000000000000e+02
2.159291627134332092e+00 5.530000000000000000e+02
2.163135186056102111e+00 5.540000000000000000e+02
