1.699976379779000457e-01 3.740000000000000000e+02
2.287441119205831097e-01 3.750000000000000000e+02
2.976998705866987782e-01 3.760000000000000000e+02
3.649657222886793506e-01 3.770000000000000000e+02
3.652446947964766433e-01 3.780000000000000000e+02
4.365955590623449845e-01 3.790000000000000000e+02
5.140591266368662593e-01 3.800000000000000000e+02
5.309384142437663101e-01 3.810000000000000000e+02
5.464465644196965233e-01 3.820000000000000000e+02
5.576683985627592932e-01 3.830000000000000000e+02
5.602691241105072217e-01 3.840000000000000000e+02
6.004095035290399895e-01 3.850000000000000000e+02
