6.602052590959962552e-01 4.060000000000000000e+02
6.733761363595708316e-01 4.070000000000000000e+02
6.927065087756362205e-01 4.080000000000000000e+02
6.939605421864702972e-01 4.090000000000000000e+02
7.327468777689064572e-01 4.100000000000000000e+02
7.559190073204433702e-01 4.110000000000000000e+02
8.067226677139136548e-01 4.120000000000000000e+02
8.764955188008355380e-01 4.130000000000000000e+02
9.370357793748997910e-01 4.140000000000000000e+02
9.679404567259964898e-01 4.160000000000000000e+02
9.686821656549887694e-01 4.170000000000000000e+02
9.711996558792159728e-01 4.180000000000000000e+02
9.728175128442984043e-01 4.190000000000000000e+02
9.751736266504203998e-01 4.200000000000000000e+02
9.812582370266738074e-01 4.210000000000000000e+02
9.818082636631344506e-01 4.220000000000000000e+02
1.006879508296333103e+00 4.230000000000000000e+02
1.058906069477058010e+00 4.240000000000000000e+02
1.107495899095904957e+00 4.250000000000000000e+02
1.154363643230236880e+00 4.260000000000000000e+02
1.177748485090277963e+00 4.270000000000000000e+02
1.193823647613531547e+00 4.280000000000000000e+02
1.200651037780965824e+00 4.290000000000000000e+02
1.207330775520986554e+00 4.300000000000000000e+02
