2.401364017613167867e+00 6.180000000000000000e+02
2.401775328076655391e+00 6.190000000000000000e+02
2.417089932592664692e+00 6.210000000000000000e+02
2.422564222645806176e+00 6.220000000000000000e+02
2.429437701867283472e+00 6.230000000000000000e+02
2.432676952986937202e+00 6.240000000000000000e+02
2.433788561294777164e+00 6.250000000000000000e+02
2.438280855820086135e+00 6.260000000000000000e+02
2.439951490213624563e+00 6.270000000000000000e+02
2.470262205688081192e+00 6.280000000000000000e+02
2.490339621945259374e+00 6.290000000000000000e+02
2.585785961195195437e+00 6.300000000000000000e+02
2.679183236626336839e+00 6.310000000000000000e+02
2.767754543430706260e+00 6.320000000000000000e+02
2.850420284660198700e+00 6.330000000000000000e+02
2.926210058066768482e+00 6.340000000000000000e+02
2.994177020439051873e+00 6.350000000000000000e+02
3.053977716955508015e+00 6.360000000000000000e+02
3.107091764860555383e+00 6.370000000000000000e+02
3.155995126923984984e+00 6.380000000000000000e+02
