-3.445667154891487893e+00
-3.406160668060549401e+00
-3.388797092563430091e+00
-3.379079778278228474e+00
-3.372678040264044164e+00
-3.368654417089440134e+00
-3.366210968199614406e+00
-3.362433404024507855e+00
-3.334247104010394924e+00
-3.332992697402026749e+00
-3.323732230261533083e+00
-3.318778519246680325e+00
-3.312658330172930210e+00
-3.312126721840168209e+00
-3.310002253198115696e+00
-3.309337230697227739e+00
-3.307467037204133486e+00
-3.302758918228597018e+00
-3.293452451978971851e+00
-3.291163121825658955e+00
-3.282122239879313508e+00
-3.278479448950260888e+00
-3.273572743716549827e+00
-3.262619671359886286e+00
-3.260942391491242986e+00
-3.255734045711041080e+00
-3.252825616129469299e+00
-3.244210563771886324e+00
-3.241756395236108812e+00
-3.232441397865543298e+00
-3.229747196363547346e+00
-3.225944102341257835e+00
-3.216300713480970241e+00
-3.210742147144062031e+00
-3.209086580044382409e+00
-3.201385182447807676e+00
-3.192507802330831534e+00
-3.187234830692352361e+00
-3.183220580548614453e+00
-3.177461807705581176e+00
-3.174376106527239116e+00
-3.167741887138797896e+00
-3.155076680716428772e+00
-3.147010492185529085e+00
-3.141959818713137231e+00
-3.125971355708188071e+00
-3.124308950391456730e+00
-3.102029610471768617e+00
-3.097764202513013210e+00
-3.080816806937603403e+00
-3.075337011926637221e+00
-3.063544944867904185e+00
-3.052962912706663090e+00
-3.049393538096672795e+00
-3.042846904243122097e+00
-3.032296764632719910e+00
-3.023257339855206283e+00
-3.017270742224127833e+00
-3.004537256461603523e+00
-2.999197335950686938e+00
-2.993529081849576556e+00
-2.981576690775137095e+00
-2.972696690965120681e+00
-2.964692053639359948e+00
-2.958412642474125498e+00
-2.956114075420077203e+00
-2.945148062165028779e+00
-2.941309589827258986e+00
-2.935775674868231544e+00
-2.930295157021337804e+00
-2.918618945863264980e+00
-2.913083989060437862e+00
-2.907348832012496054e+00
-2.898760530722198414e+00
-2.894872724895956928e+00
-2.888283644348003332e+00
-2.868268712961167921e+00
-2.854762700944510012e+00
-2.846991990229098768e+00
-2.835687062823201376e+00
-2.834270882611942266e+00
-2.828381887949745987e+00
-2.820871066290249640e+00
-2.813825268662523360e+00
-2.808426025286373306e+00
-2.800929006248158881e+00
-2.790478846116717371e+00
-2.785412529759887068e+00
-2.769350456813530315e+00
-2.766148737830528948e+00
-2.759108406097924959e+00
-2.753348594689977613e+00
-2.742539021899501162e+00
-2.738085458603106925e+00
-2.732404259908923994e+00
-2.720463829094072139e+00
-2.715722333227573948e+00
-2.700239637661058456e+00
-2.694816028075364134e+00
-2.692381021202816971e+00
-2.686961284862377397e+00
-2.671735858258382557e+00
-2.656664402186552643e+00
-2.646039426240457626e+00
-2.637383675161723673e+00
-2.628810018455760567e+00
-2.619291230086179922e+00
-2.610160315199179237e+00
-2.602222211145396091e+00
-2.592881404959103353e+00
-2.585605125813074778e+00
-2.571071483426176751e+00
-2.551777095434096143e+00
-2.476067713911207058e+00
-2.459805590055726299e+00
-2.438478008865909707e+00
-2.421276148807673501e+00
-2.409872132833917213e+00
-2.404965302547693806e+00
-2.367839657669613462e+00
-2.342771203574625094e+00
-2.325461244857841336e+00
-2.299164244360420106e+00
-2.291680722390012193e+00
-2.275853323106204140e+00
-2.263361137484138030e+00
-2.259161880474849671e+00
-2.240623824534190511e+00
-2.231196029534504355e+00
-2.225646407952551087e+00
-2.220345676797109036e+00
-2.207278876899868347e+00
-2.204333065164958416e+00
-2.190290906238613999e+00
-2.170158729580346169e+00
-2.161896289901458434e+00
-2.156396625662768241e+00
-2.149150546963587427e+00
-2.100156079350843807e+00
-2.026883812456233169e+00
-1.944000038419476439e+00
-1.855811604667572112e+00
-1.765523506064647252e+00
-1.676503755179551192e+00
-1.593230330571983044e+00
-1.539276184443396422e+00
-1.522192217754172683e+00
-1.507316109312815788e+00
-1.491806137003679700e+00
-1.474352761272187839e+00
-1.463636294723762443e+00
-1.452831050423559311e+00
-1.445201678484940189e+00
-1.435725333552332117e+00
-1.429114009549051767e+00
-1.421439281989608228e+00
-1.412464102151340661e+00
-1.389100048401950005e+00
-1.378334827585225408e+00
-1.363631916316491166e+00
-1.355649204001669217e+00
-1.338201214874569223e+00
-1.322021833884189590e+00
-1.311327562002182923e+00
-1.306605945563859672e+00
-1.300882759011691148e+00
-1.293783684852725546e+00
-1.288307411421208970e+00
-1.278037938849943433e+00
-1.271627412309814575e+00
-1.264071814107743164e+00
-1.249840186492612970e+00
-1.245249993560809232e+00
-1.240982886874569813e+00
-1.235919897320571392e+00
-1.233900632915385431e+00
-1.233131237374621048e+00
-1.227236916641375242e+00
-1.223696544040641321e+00
-1.221603835527590443e+00
-1.216278370798193453e+00
-1.215060109860242488e+00
-1.211704611775960672e+00
-1.210096474481011208e+00
-1.202130441309651410e+00
-1.199264260568059681e+00
-1.195319033353827720e+00
-1.192965237414900015e+00
-1.190822492726089310e+00
-1.186350800822632889e+00
-1.182970407453376227e+00
-1.177784165803020366e+00
-1.176278157329088137e+00
-1.169407749449055345e+00
-1.162866643632438857e+00
-1.155699863069982403e+00
-1.153143504748963988e+00
-1.147931208472451559e+00
-1.142521548305894363e+00
-1.127319341660332874e+00
-1.122050390832326272e+00
-1.116728708094913314e+00
-1.108978695453780583e+00
-1.099870715192537984e+00
-1.091081000971840576e+00
-1.081834070786749091e+00
-1.062938471231757998e+00
-1.037466815867240433e+00
-1.031772920393464910e+00
-1.020909382706811641e+00
-1.014418789793494868e+00
-1.008594548436952287e+00
-1.001916795229368828e+00
-9.953406223204459558e-01
-9.895185780631603478e-01
-9.806220587037446368e-01
-9.625007686154737341e-01
-9.576470006124441214e-01
-9.499427863128631078e-01
-9.417179196938163521e-01
-9.348944487108873380e-01
-9.315592703901652838e-01
-9.279732929974211508e-01
-9.108722947877114784e-01
-9.046617855707335121e-01
-9.018479638159795364e-01
-8.825948210153716778e-01
-8.802730687473180327e-01
-8.712229781683072938e-01
-8.575356989895960291e-01
-8.491475839727865571e-01
-8.436105194598446655e-01
-8.281806402265394773e-01
-8.154146437629908872e-01
-8.146629856405747105e-01
-8.130187439060323484e-01
-8.115812882644570792e-01
-8.007619579005218480e-01
-7.957648951370505097e-01
-7.736351527554365948e-01
-7.558307161854889156e-01
-7.481457008402391251e-01
-7.446670843735955225e-01
-7.313179982975707150e-01
-7.279037396314889108e-01
-7.231795267084519807e-01
-7.139986750322178111e-01
-7.046261790084660248e-01
-7.021405278908939840e-01
-6.960940857630126821e-01
-6.868597574181125598e-01
-6.810575632716072692e-01
-6.719944870232140710e-01
-6.580352056138435435e-01
-6.427822298933884015e-01
-6.352933920040338966e-01
-6.303029486179566598e-01
-6.251037589849807175e-01
-6.191410701552810814e-01
-6.037416933376371642e-01
-6.009905726048011543e-01
-5.948051227940917007e-01
-5.918959244211784432e-01
-5.827227441729705415e-01
-5.749355291051230221e-01
-5.685632184339787232e-01
-5.625052771258496342e-01
-5.542926213672847435e-01
-5.478646546192333933e-01
-5.427015506368396691e-01
-5.366032639764585221e-01
-5.322215262604166330e-01
-5.206116050698285092e-01
-5.120881747650908311e-01
-4.878168424680578985e-01
-4.804397441221546217e-01
-4.728836854673458268e-01
-4.650459985189220324e-01
-4.619093446959244287e-01
-4.472471883247162716e-01
-4.363384213526981248e-01
-4.252056235652166838e-01
-4.198187922748359280e-01
-4.120390185100892833e-01
-4.078662586372192034e-01
-3.911922760266052790e-01
-3.816754182450475263e-01
-3.720575800505488973e-01
-3.620625767113271887e-01
-3.566735038508580535e-01
-3.455755260893512704e-01
-3.384905993432311688e-01
-3.352650813142583064e-01
-3.273360303337007893e-01
-3.202501983746564029e-01
-3.132483451117111795e-01
-3.104908606590168207e-01
-3.055828382379338071e-01
-3.020702657455370810e-01
-2.952497669449718476e-01
-2.915678771576507011e-01
-2.868307177346282044e-01
-2.811547470061647735e-01
-2.725825941926879881e-01
-2.647278001083268606e-01
-2.483809151521104430e-01
-2.402410047764017009e-01
-2.323540428908006938e-01
-2.199992615565870557e-01
-2.174416608546460294e-01
-2.104025503414960196e-01
-2.044848675757481860e-01
-2.006343940569532691e-01
-1.973358722777849572e-01
-1.876422858754508982e-01
-1.797759998681962290e-01
-1.721084978603779625e-01
-1.666196772381321467e-01
-1.592242767678417881e-01
-1.549069861134103332e-01
-1.473097332448879415e-01
-1.438955823494455222e-01
-1.300456942036108676e-01
-1.221644480467991151e-01
-1.209351823718993330e-01
-1.077836298731120329e-01
-1.015716432017137599e-01
-9.244765166862371764e-02
-8.593492888996656642e-02
-8.529159731695541702e-02
-7.976638937120365813e-02
-7.600512586178120866e-02
-6.064897172979959172e-02
-5.273036655249770110e-02
-4.854873432493793384e-02
-4.270111831848578954e-02
-4.072017747540851440e-02
-3.695009660405600832e-02
-3.402465880576602264e-02
-2.967409594788599642e-02
-2.445975766236353766e-02
-1.836183174929988809e-02
-1.326977428281585561e-02
-8.382794566641890363e-03
-4.073037323520992820e-03
4.922985836791495635e-04
3.849053374227982653e-03
7.526535789287761014e-03
9.011171271384456685e-03
1.922951409432040876e-02
2.964882170715377185e-02
3.250438393142637133e-02
3.866287365920346303e-02
4.090120640878143476e-02
4.519721721652486535e-02
5.318456181193118720e-02
5.688567614211485768e-02
6.300007624181785948e-02
6.968516967232317449e-02
7.404628679315611306e-02
7.661962092515593736e-02
9.027488709539679967e-02
9.409563711127155727e-02
9.995278873653890006e-02
1.070079935797947635e-01
1.156484090420121236e-01
1.204697525829424576e-01
1.349825048671779715e-01
1.420563897420374366e-01
1.496883764795492178e-01
1.601340739971087168e-01
1.660325344186345808e-01
1.733541780659869080e-01
1.746186542604779290e-01
1.839206172317177090e-01
1.909119939230200513e-01
1.967856605470698350e-01
2.012449534499008152e-01
2.103859492083486882e-01
2.133528695730370628e-01
2.231646123121357461e-01
2.306034527820376157e-01
2.327135083421448258e-01
2.602766474799989571e-01
2.676896812724285923e-01
2.726811173915306696e-01
2.788625383794954837e-01
2.854264258010080213e-01
2.925416426650445656e-01
2.956906430105837313e-01
3.005928596297082755e-01
3.036183999511142262e-01
3.083131878218026145e-01
3.135246094615180001e-01
3.184277144723650643e-01
3.290070097395952353e-01
3.335753640710838464e-01
3.404517591412101751e-01
3.518374205861689030e-01
3.610524147701904552e-01
3.683270816864047115e-01
3.741406363643032251e-01
3.802354040104056754e-01
3.883788238476050259e-01
3.912438095561749929e-01
4.030605948296268615e-01
4.116387737070666408e-01
4.140445350827737792e-01
4.213805090021371380e-01
4.311383492125888672e-01
4.400485585514720688e-01
4.517825085719749389e-01
4.583071273124657563e-01
4.694931894344035461e-01
4.860140227528285117e-01
4.991011332111316423e-01
5.139878842867521280e-01
5.221943638184626257e-01
5.278504433904801507e-01
5.346592841471550228e-01
5.427038273741267016e-01
5.537715479465821211e-01
5.641272222577092821e-01
5.674614495479652909e-01
5.771756188482713990e-01
5.810361166173466652e-01
5.837054419806281258e-01
5.907346705155230859e-01
5.984093425862142546e-01
6.075894811614146462e-01
6.186354463118287628e-01
6.254046041768387409e-01
6.307419938330189879e-01
6.384720396529185438e-01
6.428466360928022372e-01
6.512960112838721560e-01
6.711592667591066430e-01
6.778217120410038321e-01
6.837038878093925076e-01
6.955167168055832461e-01
7.036973027659820801e-01
7.050887532210896591e-01
7.114233831933924890e-01
7.187649958279063167e-01
7.238792117722667729e-01
7.327447710652631452e-01
7.380729975186132164e-01
7.455173302471945762e-01
7.525667024561325524e-01
7.851152237231102671e-01
7.915793248243392366e-01
8.029047488545262290e-01
8.160512223449446489e-01
8.171344268132693101e-01
8.210522291092666736e-01
8.316982527359607635e-01
8.396839934899483771e-01
8.494712852365906564e-01
8.573914299038437603e-01
8.682352072281648292e-01
8.768328559625083729e-01
8.904153186595310521e-01
8.972722435216440307e-01
9.023014230669704761e-01
9.067886447652540038e-01
9.204841671610154430e-01
9.247308197002295227e-01
9.371378884851927493e-01
9.422828852103758424e-01
9.438022293547796426e-01
9.532818848231847664e-01
9.651751329273363655e-01
9.694129997700136059e-01
9.833779875883014165e-01
9.904342735617166493e-01
9.991169042722692906e-01
1.003606775891210390e+00
1.009361056036755855e+00
1.013643843336610173e+00
1.018029724206854336e+00
1.030205765320215017e+00
1.040480553548916109e+00
1.064909211166217284e+00
1.077368008227982621e+00
1.080690808397252400e+00
1.095705289702757712e+00
1.103040295552584871e+00
1.109108941095122702e+00
1.115881496375289439e+00
1.124015600229301581e+00
1.141706260302291609e+00
1.146268849816240998e+00
1.150371060357105790e+00
1.155965171258168889e+00
1.160827908090107163e+00
1.167521519857934287e+00
1.175703747073783889e+00
1.178241269970266236e+00
1.179781966727218023e+00
1.184001361341742831e+00
1.189239528322947548e+00
1.191674267151200395e+00
1.193407478063491789e+00
1.197726284535741259e+00
1.199474526190781543e+00
1.202447966726048811e+00
1.203962605744782310e+00
1.207493162203504777e+00
1.211508517494700898e+00
1.213182726544391299e+00
1.216927158873247539e+00
1.222089318293940519e+00
1.223523393707809381e+00
1.227630851827731018e+00
1.231781435674871306e+00
1.233188137982632604e+00
1.242264659951315409e+00
1.249654293053378051e+00
1.259637175022850775e+00
1.261425758760548854e+00
1.268740002497677821e+00
1.274898477569972322e+00
1.280280040824740118e+00
1.288656783855709920e+00
1.293682034304526107e+00
1.306072426642435058e+00
1.309126914221828697e+00
1.327019582456517188e+00
1.344785366048321107e+00
1.356325274780236789e+00
1.370961123017185201e+00
1.386991061625973076e+00
1.408077609005369046e+00
1.411434857167051860e+00
1.421606129734272139e+00
1.431390991375820265e+00
1.439579291877081779e+00
1.446700610685402788e+00
1.457591002393055390e+00
1.470418874486652205e+00
1.483487558717069721e+00
1.495390232537466391e+00
1.529511851588321480e+00
1.534332463676821634e+00
1.609304785940866900e+00
1.694385486054680312e+00
1.784056616486268121e+00
1.874296375477513710e+00
1.961855753360873145e+00
2.043337546629474755e+00
2.113716190992287913e+00
2.136513447643684671e+00
2.147337883440497031e+00
2.158582664639481674e+00
2.165835418539404866e+00
2.189107014750839131e+00
2.196553365121882262e+00
2.202328375724933895e+00
2.207251607693442974e+00
2.219285419244017898e+00
2.223666200424355477e+00
2.229718851448085459e+00
2.247273934616229596e+00
2.252412058595935296e+00
2.264966866356187047e+00
2.281179870737493065e+00
2.290192030118981315e+00
2.321937433239504855e+00
2.344703466546982806e+00
2.370578063618093090e+00
2.396265041157145337e+00
2.412003408023441153e+00
2.417368224898015061e+00
2.435151206776328348e+00
2.462811970209187074e+00
2.477084954118827120e+00
2.555963416108616659e+00
2.562698365139041368e+00
2.576777956791972191e+00
2.582038742303884860e+00
2.593010480829309738e+00
2.602578499639661480e+00
2.618022087587747571e+00
2.627091721844017513e+00
2.643125770236520733e+00
2.648029822288643587e+00
2.658068722723074817e+00
2.669277609736957046e+00
2.679458519038298459e+00
2.685221284013637799e+00
2.687410248802586388e+00
2.707825137777088997e+00
2.718574810813908726e+00
2.723857924536524866e+00
2.731347591358917359e+00
2.737918535218702765e+00
2.744438780498181796e+00
2.750182780336713595e+00
2.759874367274934404e+00
2.774504142427078435e+00
2.781864132744386264e+00
2.784518136314524828e+00
2.793026988812750133e+00
2.794604667011765020e+00
2.802980618818094349e+00
2.809034593236754418e+00
2.816353853473676061e+00
2.827892473104724136e+00
2.829961543513300093e+00
2.838993018532925738e+00
2.847184924736847478e+00
2.857189795161678258e+00
2.877559722988138002e+00
2.888873463680190490e+00
2.892560363325367145e+00
2.897659407505708717e+00
2.903145365278953172e+00
2.910298524535712250e+00
2.914252803438490247e+00
2.922928193973368671e+00
2.935644593238791344e+00
2.940102247266370039e+00
2.946272245886218499e+00
2.954512942815116450e+00
2.963177516132866618e+00
2.970343947231640414e+00
2.976710693459784451e+00
2.991594095500332173e+00
2.994258028624615431e+00
2.995851444921872719e+00
2.998809465827258158e+00
3.015839462422314821e+00
3.029520967047655944e+00
3.031345560295573005e+00
3.037365757433491797e+00
3.045594655299185938e+00
3.053483451387200454e+00
3.076627328363371383e+00
3.083442873665233286e+00
3.092015602377192085e+00
3.104055685383685148e+00
3.108339156313102425e+00
3.112866706754906065e+00
3.123749112849574683e+00
3.133655924490038824e+00
3.140551626082860981e+00
3.144627269158490002e+00
3.150518850733099896e+00
3.163468061006736942e+00
3.167074656555056933e+00
3.170329316080344739e+00
3.182143691959048226e+00
3.184876991914018074e+00
3.189854029902420951e+00
3.200088310219991072e+00
3.203391786321774681e+00
3.207183395842863938e+00
3.209945560196318937e+00
3.216379679600374963e+00
3.219626607244212568e+00
3.222528047109052274e+00
3.226395431376992917e+00
3.229906752025901273e+00
3.233478620541044180e+00
3.235763713244033113e+00
3.239757464435085943e+00
3.249593602430333128e+00
3.255514892208470012e+00
3.258641935779587939e+00
3.260024681950557390e+00
3.265503113742593388e+00
3.269228073631917919e+00
3.273330054628595498e+00
3.274694872068280471e+00
3.275201247483014999e+00
3.278727818347931144e+00
3.292280453850824795e+00
3.298473555864231077e+00
3.298803446743142853e+00
3.300968361251496397e+00
3.307139420054743706e+00
3.320468808217442724e+00
3.321780860885352737e+00
3.328474451599178430e+00
3.328908992241340403e+00
3.335565317480620351e+00
3.342403931243785209e+00
3.361156029962077074e+00
3.370038237496050915e+00
