-3.262468950345982055e+00
-3.251521193008151567e+00
-3.238577215245848961e+00
-3.232055843630604830e+00
-3.231644240316889682e+00
-3.228694942032197979e+00
-3.228015167164886901e+00
-3.221177496258806894e+00
-3.219221975281655546e+00
-3.217627117920031754e+00
-3.215632147212008185e+00
-3.214897267057404751e+00
-3.213309021093521345e+00
-3.208690031311081103e+00
-3.205869620792146879e+00
-3.198282756167990737e+00
-3.191234388268199496e+00
-3.189921999710789269e+00
-3.183905203064640865e+00
-3.175722739876964962e+00
-3.170727262845576266e+00
-3.165026004367716528e+00
-3.158769224477120385e+00
-3.149015683133649990e+00
-3.147113174720860940e+00
-3.143961355021471338e+00
-3.136676707683198728e+00
-3.131135639620349576e+00
-3.129783484277740779e+00
-3.126674225341005364e+00
-3.119603303537636929e+00
-3.112914161523526957e+00
-3.109871618251423886e+00
-3.100167658469711540e+00
-3.094952338269240322e+00
-3.088933826808876848e+00
-3.085511841077034578e+00
-3.078612576572094195e+00
-3.075516875480606593e+00
-3.072273730201285691e+00
-3.068179060236026157e+00
-3.060974805018386924e+00
-3.058209635117691061e+00
-3.048751727143416357e+00
-3.039799561689517038e+00
-3.034143558009895880e+00
-3.019229121071433042e+00
-3.008980086863689341e+00
-3.006569569947001419e+00
-2.988356845611253032e+00
-2.982525317931646658e+00
-2.975460979398113714e+00
-2.949689285176199771e+00
-2.944386661646910319e+00
-2.935856309518289908e+00
-2.927771455590992389e+00
-2.918150900671364401e+00
-2.916190345507595705e+00
-2.913007221222614351e+00
-2.904897656259682659e+00
-2.889531868606877385e+00
-2.881534679493925388e+00
-2.878033020789058316e+00
-2.874072332036093691e+00
-2.869955245945949418e+00
-2.867147996444597613e+00
-2.861305550221832750e+00
-2.850138272677940954e+00
-2.844002346262567649e+00
-2.840576621680949820e+00
-2.822995670920512179e+00
-2.815165685760850245e+00
-2.811276291109578107e+00
-2.803174665513380237e+00
-2.800113401956050296e+00
-2.792669871386911584e+00
-2.777525069511889377e+00
-2.748205306676324788e+00
-2.740505848927018206e+00
-2.731065501734991408e+00
-2.728643592509274463e+00
-2.719314408780937775e+00
-2.717746354784807306e+00
-2.712780743443419684e+00
-2.707137361117186281e+00
-2.700490785751604950e+00
-2.693737752436495825e+00
-2.682482398242219901e+00
-2.677411988526280595e+00
-2.673458220875642333e+00
-2.666643223428251996e+00
-2.654535382434597857e+00
-2.646825840744583491e+00
-2.642116111417431856e+00
-2.635681709864357014e+00
-2.629715434729162471e+00
-2.619201100306654872e+00
-2.599789120030540523e+00
-2.597092340899074259e+00
-2.594600924853379897e+00
-2.587723883559469140e+00
-2.560607711811499598e+00
-2.556520550878344178e+00
-2.553102630543887752e+00
-2.536097205311373948e+00
-2.532946129383438993e+00
-2.528143701011330791e+00
-2.508595288883273877e+00
-2.497258470512344619e+00
-2.494186201981938300e+00
-2.483238292187300189e+00
-2.472586362161347751e+00
-2.465896120560253646e+00
-2.364101999245085572e+00
-2.348074758530820816e+00
-2.342348298546077068e+00
-2.318532113729613098e+00
-2.310434824278262411e+00
-2.303557344651574912e+00
-2.270034514505356427e+00
-2.246839549612476450e+00
-2.224960926952108231e+00
-2.200953146888370515e+00
-2.187334002578305014e+00
-2.178590797587571348e+00
-2.162475578397361708e+00
-2.154733693627926439e+00
-2.137421453553990602e+00
-2.126544129539076344e+00
-2.124628336901012382e+00
-2.118786567058852377e+00
-2.109188001082259234e+00
-2.106788994464902753e+00
-2.093000719323281356e+00
-2.073259257361816488e+00
-2.063140130342013823e+00
-2.059081902622807991e+00
-2.047314109544184912e+00
-2.007989410025730503e+00
-1.936356912175149825e+00
-1.854382169131109537e+00
-1.766743579722779511e+00
-1.676785077980983196e+00
-1.587887680027667114e+00
-1.504407533956716003e+00
-1.433038069547001969e+00
-1.429551912696356286e+00
-1.403071037769001217e+00
-1.392515626940038276e+00
-1.370605482901558148e+00
-1.366057611556600104e+00
-1.351631160331822068e+00
-1.348736104009894410e+00
-1.336781473758473116e+00
-1.330116605230347249e+00
-1.325362566244880247e+00
-1.313703507813492655e+00
-1.293469405887343271e+00
-1.277260806297031204e+00
-1.266849872805660748e+00
-1.255310672151943585e+00
-1.235456407607992135e+00
-1.214728421185762963e+00
-1.206372440467984308e+00
-1.204027032440782463e+00
-1.199706821246023569e+00
-1.195575682999485689e+00
-1.183948907118050231e+00
-1.178209294150203590e+00
-1.171770337689284291e+00
-1.156996663887581045e+00
-1.143540187289008081e+00
-1.141417170895630440e+00
-1.136484370639736508e+00
-1.132586032342109306e+00
-1.129949389204644605e+00
-1.126512933238700942e+00
-1.121565029093135379e+00
-1.120321716736556006e+00
-1.117041550873421274e+00
-1.114312934152192680e+00
-1.110287962671492101e+00
-1.110171968161950184e+00
-1.108031436350535470e+00
-1.105871603166594053e+00
-1.103748835772168313e+00
-1.100665954135640057e+00
-1.100431523625239327e+00
-1.098066653228696454e+00
-1.096236910605215886e+00
-1.093872227150812781e+00
-1.086992223044213501e+00
-1.078631942311148784e+00
-1.071808673325062022e+00
-1.065565124045813050e+00
-1.062080342280301126e+00
-1.060896526123249251e+00
-1.055466213958762944e+00
-1.046262179029175954e+00
-1.024950750581888004e+00
-1.020995675997990793e+00
-1.011878591946886674e+00
-1.008458836387668311e+00
-1.002378991367326666e+00
-9.944424468818747753e-01
-9.860001455597591224e-01
-9.683460740013292156e-01
-9.348494416117005823e-01
-9.258247748008204825e-01
-9.229874840185285922e-01
-9.192360366817652340e-01
-9.128701263434589874e-01
-9.077407724259212163e-01
-9.041822792138497489e-01
-8.946783978179650987e-01
-8.911804750388899743e-01
-8.701607997494229529e-01
-8.633096165469277272e-01
-8.602523074013398441e-01
-8.488830787361038022e-01
-8.456811468155670530e-01
-8.392374511683438065e-01
-8.338843479127021618e-01
-8.247808482355815096e-01
-8.141942662794541263e-01
-8.106915418767624004e-01
-7.967266370681639343e-01
-7.891161687982486406e-01
-7.785273389025983981e-01
-7.661097588241905232e-01
-7.582418971649779182e-01
-7.477874781646394187e-01
-7.291907773779676694e-01
-7.248810804314010925e-01
-7.211569750969519799e-01
-7.158104061058238043e-01
-7.132946918720242113e-01
-7.088564073323997405e-01
-7.005464343160714424e-01
-6.886272419824489566e-01
-6.469448379399542759e-01
-6.442572989233669167e-01
-6.358990529447969831e-01
-6.299918062487388504e-01
-6.273842347829031718e-01
-6.192016542566568527e-01
-6.163527083905006032e-01
-6.092999605098519122e-01
-6.071724129748292675e-01
-6.013600700548098477e-01
-5.969499755978537880e-01
-5.929675418420787825e-01
-5.886960038943238605e-01
-5.589639828595386328e-01
-5.475407919373124210e-01
-5.392483629789606159e-01
-5.373857912104421652e-01
-5.319616884951992031e-01
-5.190235169823071981e-01
-5.049323751240167857e-01
-4.955199908001449161e-01
-4.946309841127233820e-01
-4.906722310376320229e-01
-4.873655522885664282e-01
-4.850644963347915950e-01
-4.760160724940852295e-01
-4.709592827667550829e-01
-4.632966289419329087e-01
-4.499557430021881577e-01
-4.375413857619385727e-01
-4.334756675559608974e-01
-4.321640414462275537e-01
-4.262048214744907360e-01
-4.165064265762661311e-01
-3.840973995814483399e-01
-3.799736169200953473e-01
-3.635358910094023677e-01
-3.576283578927437201e-01
-3.522552987768007848e-01
-3.463162981753117875e-01
-3.285265398770581546e-01
-3.205028796294903670e-01
-3.105647893766250722e-01
-3.075362510411867589e-01
-3.017234879363843159e-01
-2.994368434095988629e-01
-2.885386750318282290e-01
-2.809881803251124688e-01
-2.669514379038127050e-01
-2.608327290445927593e-01
-2.561669607540348892e-01
-2.528759603026069502e-01
-2.434949422478539238e-01
-2.318171423159767486e-01
-2.193802835960002584e-01
-2.157038557958152469e-01
-2.137370699173948285e-01
-2.091966691201092854e-01
-2.046205711581279008e-01
-2.023152155106103800e-01
-1.994145368368686055e-01
-1.980081113634329371e-01
-1.916677330955844361e-01
-1.789745488204466384e-01
-1.759466811071536685e-01
-1.668489087775902324e-01
-1.357311474203817814e-01
-1.291894518237876599e-01
-1.250603058756921682e-01
-1.184213647518634893e-01
-1.139164613878085319e-01
-1.088949525945048652e-01
-1.032837517150734102e-01
-9.820291779410549038e-02
-9.281670530668663377e-02
-8.332636908031879064e-02
-7.725181288860767659e-02
-7.304914171132224909e-02
-6.470641632099988216e-02
-5.789980325503226583e-02
-5.080763727328682644e-02
-3.874351938323682132e-02
-3.649413075228793296e-02
-1.577824192662906355e-02
-1.099487382878968321e-02
-7.965503027895153715e-03
-6.018899686303104922e-03
2.491600919613660894e-03
6.278894303234429028e-03
1.155389971457410243e-02
1.596521685957539433e-02
2.928384938370913460e-02
3.442875821863024266e-02
4.881306733255452029e-02
5.184002777720034261e-02
6.219071066054635000e-02
6.649945936587906004e-02
7.209124062902881602e-02
7.716138565033796304e-02
8.230947064855913264e-02
8.429795854730669225e-02
9.004332529212306924e-02
9.295052479235602072e-02
9.503722822906235379e-02
9.826298602755718925e-02
1.035400427887588209e-01
1.045227190037373716e-01
1.080392207230599227e-01
1.099919270678026278e-01
1.131560585892841669e-01
1.169576670865817153e-01
1.215233621713545376e-01
1.233859345583924322e-01
1.281903333432855285e-01
1.380377149246564961e-01
1.427117173112475157e-01
1.571024880332317353e-01
1.658346584846574767e-01
1.727268316670068915e-01
1.738525262417712769e-01
1.808815032549869750e-01
1.867469908961167102e-01
1.897325012580756143e-01
1.959770124909839539e-01
2.053548675530821876e-01
2.162730184739749817e-01
2.206747640240396546e-01
2.229238951838788951e-01
2.355284708421031270e-01
2.444432033168025542e-01
2.489958804998803343e-01
2.519667276047811710e-01
2.613159263391116593e-01
2.694485844194371982e-01
2.786756139093859441e-01
2.828021779652204470e-01
2.891326073539938757e-01
2.943519423169983495e-01
2.990301937015099609e-01
3.064806284319124274e-01
3.089089642303589067e-01
3.155717251488090458e-01
3.325446628913493741e-01
3.475329063674328367e-01
3.622561099532012330e-01
3.653866491002527028e-01
3.700863462537353210e-01
3.838065896136583222e-01
3.897258288667814763e-01
3.926054606363569843e-01
3.946487151381456449e-01
3.994865232220149998e-01
4.043843054782661484e-01
4.065458983790206648e-01
4.081923242729970092e-01
4.216965004382374205e-01
4.298530996721044994e-01
4.375873604694989205e-01
4.399493294982768643e-01
4.428154633521505512e-01
4.500565033807961690e-01
4.674140419651946488e-01
4.752734806697765380e-01
4.876676471888752307e-01
4.954999290956073055e-01
4.995657607189827876e-01
5.057315577603704870e-01
5.095228262310494971e-01
5.149035100236487583e-01
5.407459455894993994e-01
5.461330515974208710e-01
5.535713861755555687e-01
5.608971609359115762e-01
5.649123641352891134e-01
5.735326458582187259e-01
6.059546325000385592e-01
6.158747157235260339e-01
6.204785789973809029e-01
6.275016781461106863e-01
6.310991683902086313e-01
6.367486186702246975e-01
6.481954255182093005e-01
6.619842605748909037e-01
6.662014232084342291e-01
6.725848185625751263e-01
6.780607902770774409e-01
6.839190115801996317e-01
6.858706039970005053e-01
6.901767191575103322e-01
6.942127578810385335e-01
7.109525480779351758e-01
7.158216630746299103e-01
7.207467086830861014e-01
7.260506537421100859e-01
7.332014280042389309e-01
7.427274335481239831e-01
7.744763728856510765e-01
7.803505916307412749e-01
7.831145905592413747e-01
7.900470159850802032e-01
7.952982002059599820e-01
7.999509153001312933e-01
8.042390997907240546e-01
8.103657467252637359e-01
8.135093646832916026e-01
8.226223371785069682e-01
8.280054167171607693e-01
8.359058371398826459e-01
8.376249728163183139e-01
8.781406574186075842e-01
8.929644455063839859e-01
9.008031419802152717e-01
9.044329583378624138e-01
9.075449775253421336e-01
9.114400560695351539e-01
9.164319689610479491e-01
9.186145650110555394e-01
9.354005653263478548e-01
9.480260294020305123e-01
9.526460307484373446e-01
9.661988937622458806e-01
9.766787855589025291e-01
9.822717374773340948e-01
9.918369671686274591e-01
1.002740983012029297e+00
1.009416851582223940e+00
1.016579748030432606e+00
1.023326464482845255e+00
1.028448138752463104e+00
1.030847499684291568e+00
1.048476844373269490e+00
1.053154274543778524e+00
1.057939305998050861e+00
1.076497319837921740e+00
1.080313395690855049e+00
1.086515591176086204e+00
1.097640413919520164e+00
1.101484855309933009e+00
1.103482592758299186e+00
1.107936370879722299e+00
1.113793127419903994e+00
1.121364159770888991e+00
1.155912781850410465e+00
1.174111501115088885e+00
1.183773447489669728e+00
1.193458914766422074e+00
1.200160082702784070e+00
1.202702497962985673e+00
1.214946763277681363e+00
1.218368076060194705e+00
1.235123275861581327e+00
1.240874134873812373e+00
1.245573143320131582e+00
1.247793477137874918e+00
1.259663402671394650e+00
1.265489539641448946e+00
1.268730166922289015e+00
1.276916131224016038e+00
1.279385309299590379e+00
1.281534487869901762e+00
1.285158037794422725e+00
1.285607081859367451e+00
1.289833943501601743e+00
1.290983978440638946e+00
1.293332850413739799e+00
1.297246141329690516e+00
1.300105894729967737e+00
1.304073993232600426e+00
1.305233464547243871e+00
1.309296560848840496e+00
1.312105823623576750e+00
1.315430534821312003e+00
1.317613587997928271e+00
1.319312676442408572e+00
1.324104701433384879e+00
1.327396534730302280e+00
1.328620259072494481e+00
1.333054969997201411e+00
1.341822378656799319e+00
1.347374314596966771e+00
1.359786006497339272e+00
1.365991340905410523e+00
1.368969202998356893e+00
1.380603199997366026e+00
1.383910842003388542e+00
1.388824794286490416e+00
1.394280484733498859e+00
1.415582740814200324e+00
1.436419560488475744e+00
1.445400381306781501e+00
1.461436342070254524e+00
1.473661608606897211e+00
1.497896304009231683e+00
1.503659010350227421e+00
1.513363024895307163e+00
1.525106607946561166e+00
1.531302405720971427e+00
1.538034883646336892e+00
1.548163491564407357e+00
1.555332127429341904e+00
1.577183803567323794e+00
1.587507399394753049e+00
1.614120763179339502e+00
1.621123240104429764e+00
1.689376570338909866e+00
1.775131007003348360e+00
1.865643971775974297e+00
1.956819260963507112e+00
2.045449514278117498e+00
2.128312241567077656e+00
2.200838874369146936e+00
2.230000057163628480e+00
2.243812145477056763e+00
2.255371260758835650e+00
2.257395047792730036e+00
2.286807195935922632e+00
2.293166657549848608e+00
2.296449682016238114e+00
2.309642468420178396e+00
2.319219736276952215e+00
2.322487056062921162e+00
2.331256307877588085e+00
2.343248106668952779e+00
2.351928639590393555e+00
2.358139029631833417e+00
2.380646732342845517e+00
2.384401360926606817e+00
2.425271931541086001e+00
2.447318547417870249e+00
2.471014460088189590e+00
2.496225995857060287e+00
2.508716515745545994e+00
2.514548159934023808e+00
2.539389457514247717e+00
2.545007094748015231e+00
2.561536072325757640e+00
2.667699791969631029e+00
2.674438062572440433e+00
2.680296268559923867e+00
2.690345699255884959e+00
2.695820565378356903e+00
2.704698136999307501e+00
2.725451679709603781e+00
2.731401229292481858e+00
2.736325939127842943e+00
2.749474720715453291e+00
2.753228747229900630e+00
2.761551039617377690e+00
2.782549083006222279e+00
2.786722211435523455e+00
2.792665148299902089e+00
2.795735542623016823e+00
2.811336049942802173e+00
2.824347064222640480e+00
2.833759719720845283e+00
2.838763023502587579e+00
2.842172428305585807e+00
2.855406590884268514e+00
2.860636186812145265e+00
2.872636984712613195e+00
2.873996090686545823e+00
2.886089433933190396e+00
2.889930747430006441e+00
2.897683652497998086e+00
2.899639126884042906e+00
2.905911932308184564e+00
2.917136017785815660e+00
2.922727384841257603e+00
2.925395784323935100e+00
2.931432592969385631e+00
2.935805528782426510e+00
2.938194602549285772e+00
2.962007863336760582e+00
2.987534186728706409e+00
2.993441659275822619e+00
3.001546947880130656e+00
3.007133925281813891e+00
3.010037815124911642e+00
3.014179972105226035e+00
3.027434294730093622e+00
3.033966087451544169e+00
3.036609186104477054e+00
3.040182419198535158e+00
3.045382479743683923e+00
3.047706331108710920e+00
3.053231514713456107e+00
3.057776577458926948e+00
3.062222202751587741e+00
3.079022990234389301e+00
3.093421639538207923e+00
3.102338507268894041e+00
3.106694410039061438e+00
3.109648168641963029e+00
3.119094127708131658e+00
3.131356658220814548e+00
3.138730646578047345e+00
3.147868585570820166e+00
3.155877512535768314e+00
3.175786756442536607e+00
3.185259869389520659e+00
3.192225573032255959e+00
3.201330978038341435e+00
3.208419884146095136e+00
3.219076429272972995e+00
3.230834762794631665e+00
3.240693084846368421e+00
3.251069321473293527e+00
3.256674763323797794e+00
3.263704938516264420e+00
3.269443409092939845e+00
3.273012561651283292e+00
3.279127738719293195e+00
3.284030618279830893e+00
3.287362431582267597e+00
3.293546845980869886e+00
3.299729674287605885e+00
3.304132898730860468e+00
3.307147239029924801e+00
3.311876407779988263e+00
3.313271250436698789e+00
3.319307518354496889e+00
3.326188367573029492e+00
3.328231027620313753e+00
3.334477672827801165e+00
3.346451983286406584e+00
3.354907599193218459e+00
3.359557167008234035e+00
3.367303551064966705e+00
3.371262083908637575e+00
3.374339425515846980e+00
3.375556558843332056e+00
3.385811878094321159e+00
3.395051382438967646e+00
3.396302748333367649e+00
3.398632948699260137e+00
3.403828355673551354e+00
3.404765907048802109e+00
3.407338466106969221e+00
3.409380208345869967e+00
3.410753846542240009e+00
3.411089625962544947e+00
3.411639718933557219e+00
3.412405669570766076e+00
3.413850224893892449e+00
3.427510718338636853e+00
3.440076597795405089e+00
3.443409073614035254e+00
3.461388342341764623e+00
3.521973773061924273e+00
