1.000000000000000000e+01
-3.027795841210850103e+00
-3.023673436438345963e+00
-2.992729210541791307e+00
-2.978434165908946163e+00
-2.962179678801678762e+00
-2.943041048234092294e+00
-2.883492582052179731e+00
-2.867998970488722321e+00
-2.849279173532742515e+00
-2.835162250960713504e+00
-2.831278645772432156e+00
-2.787776935248371668e+00
-2.771114375707772304e+00
-2.769170297622641108e+00
-2.715265237330746650e+00
-2.712100140284094518e+00
-2.679909779673523840e+00
-2.662189852701953630e+00
-2.613966652696733561e+00
-2.591247616005632359e+00
-2.569308450493823059e+00
-2.547666614875051305e+00
-2.520176839211504483e+00
-2.508088710697489621e+00
-2.473118584896432104e+00
-2.454359878851969601e+00
-2.418160134938217798e+00
-2.397144134919968028e+00
-2.362896909931315292e+00
-2.332037934374784793e+00
-2.312591922312071446e+00
-2.305927653976826086e+00
-2.285585254216798923e+00
-2.265690717717723679e+00
-2.245747522469281776e+00
-2.212972137274721973e+00
-2.198608198646815559e+00
-2.174148523945959699e+00
-2.136306881335914287e+00
-2.126064975117452072e+00
-2.109702563677415821e+00
-2.087446770907376958e+00
-2.055015536808701970e+00
-2.042041904206613356e+00
-2.018354865555382904e+00
-2.001277597219239368e+00
-1.963142968465072524e+00
-1.945908165994575389e+00
-1.928341749322066256e+00
-1.914895111371056835e+00
-1.899305930119151720e+00
-1.886274050319509010e+00
-1.858757185725708139e+00
-1.839326440812568686e+00
-1.824561923003162223e+00
-1.807974762357016596e+00
-1.790450342024433983e+00
-1.761758924731926745e+00
-1.737069049606090099e+00
-1.714115357597185252e+00
-1.693787218839510444e+00
-1.683668724087135971e+00
-1.666421589989314223e+00
-1.661121598358134888e+00
-1.636233490710076843e+00
-1.623012169333912125e+00
-1.602565304484231179e+00
-1.574202989976644762e+00
-1.559722040487382833e+00
-1.544011425005462179e+00
-1.533099120070989807e+00
-1.524555884669376082e+00
-1.507901616235449938e+00
-1.493038804947005804e+00
-1.481917018532421526e+00
-1.457089053472005347e+00
-1.437903662542550531e+00
-1.410883117151406241e+00
-1.392468596150817861e+00
-1.377363922236608529e+00
-1.363946704695047307e+00
-1.349178453144935785e+00
-1.334154842987822276e+00
-1.321549496978226657e+00
-1.309337235011074352e+00
-1.290922136422140598e+00
-1.276381797429907872e+00
-1.250952476140643199e+00
-1.240923102337146755e+00
-1.225470831748863620e+00
-1.216090427369761029e+00
-1.185814063259568840e+00
-1.175033951669969490e+00
-1.147716080504250336e+00
-1.140865789398354480e+00
-1.130407531391483200e+00
-1.113664755571729392e+00
-1.101488999766346621e+00
-1.092138452444475938e+00
-1.077175090134242952e+00
-1.069539219569475952e+00
-1.045083954998913489e+00
-1.031316995628732691e+00
-1.021363024930793229e+00
-1.003345200969951057e+00
-9.899903799690538131e-01
-9.644694670998090746e-01
-9.546330291656889289e-01
-9.346901571845054324e-01
-9.244370568203310601e-01
-9.040598651765152649e-01
-8.983855652255046120e-01
-8.795021785330739972e-01
-8.672365679345634959e-01
-8.543370807643301257e-01
-8.414874345014334844e-01
-8.308279248468525280e-01
-8.154904038355194063e-01
-8.034817408331377253e-01
-7.991468234138554561e-01
-7.883895849896118690e-01
-7.749617364349004056e-01
-7.625798408201148737e-01
-7.526137703528380518e-01
-7.419338590963785451e-01
-7.200923939221423042e-01
-7.108657126221012978e-01
-7.035271290434108593e-01
-6.796472650989197062e-01
-6.725904636144631743e-01
-6.585440140604044146e-01
-6.453636351040977770e-01
-6.157355683913153799e-01
-6.030414209114124402e-01
-5.970937483425881043e-01
-5.883922955890434903e-01
-5.749728382576866359e-01
-5.688171961967185553e-01
-5.502092117029735441e-01
-5.287872560579759407e-01
-5.208652954392066770e-01
-5.105474849901053824e-01
-4.981967415050269632e-01
-4.883744874739932573e-01
-4.773772638269571100e-01
-4.648858715545631237e-01
-4.518638732163838823e-01
-4.398847838234358210e-01
-4.300293531411730208e-01
-4.207561861619676935e-01
-4.145610820213373460e-01
-4.029322511795981332e-01
-3.809070105394798400e-01
-3.767882412190932118e-01
-3.684727001164505023e-01
-3.550879061131320680e-01
-3.470079385048311926e-01
-3.336792350278201535e-01
-3.154650141385235140e-01
-3.009818822947654127e-01
-2.863345220689278992e-01
-2.752276350973210106e-01
-2.609729546028865532e-01
-2.546372230352353938e-01
-2.439892684787004773e-01
-2.383681779059735606e-01
-2.071454369636549220e-01
-2.008164139003467408e-01
-1.897469070843592620e-01
-1.772419110376267926e-01
-1.641519213412626077e-01
-1.505745158497638070e-01
-1.335034405554988424e-01
-1.206705169804039302e-01
-1.025474762273830137e-01
-9.190849537235047662e-02
-7.658250109483243084e-02
-6.088664290844110483e-02
-5.794557228277859295e-02
-4.668703977109876085e-02
-3.788136021690140937e-02
-3.142130565674652876e-02
-2.489873967890975440e-02
-5.354350189807955719e-03
9.845827468736205804e-03
1.394610578009640445e-02
2.526265884519564645e-02
3.568279603347625922e-02
4.020513224549454590e-02
4.639998444241311831e-02
6.211900255817198041e-02
7.429312827277689824e-02
8.037396989700393291e-02
9.235975059285654598e-02
9.602165401030091085e-02
1.023834045644429480e-01
1.041165218927805752e-01
1.134842220391046180e-01
1.293438054608736787e-01
1.350823661036581469e-01
1.440252046819754939e-01
1.526303686508805324e-01
1.586131512274586708e-01
1.741086399528201933e-01
1.884163699368606726e-01
2.001077220459742956e-01
2.122183398293906731e-01
2.192220227024697932e-01
2.378933618250616000e-01
2.405706050790230865e-01
2.556339015647524637e-01
2.596807458776848598e-01
2.712681862290379220e-01
2.777552898785265456e-01
2.844834493146251586e-01
2.907230477678646174e-01
2.939351707064407626e-01
3.112728076003951627e-01
3.229196659276097892e-01
3.260860735520401676e-01
3.353322862880825928e-01
3.441273667308790141e-01
3.480866869583532086e-01
3.573615648646800702e-01
3.669386821263280196e-01
3.763411804154008222e-01
3.830165229720418063e-01
3.970141732583185035e-01
4.039481809093022902e-01
4.082123225562361846e-01
4.189751402581342599e-01
4.292299866108750805e-01
4.342795445646353558e-01
4.430184655871189370e-01
4.552321810255930967e-01
4.572586172861937692e-01
4.674356036997953101e-01
4.840684801260814463e-01
5.020250000079594654e-01
5.052698515038539506e-01
5.115304221425029940e-01
5.269444091110154771e-01
5.425562144347600979e-01
5.493966574027403516e-01
5.592140523863411428e-01
5.662396184106032182e-01
5.712691050978742080e-01
5.775866366526321016e-01
5.821898552343760525e-01
5.904187102833291512e-01
5.955806947752969593e-01
6.049400320061014691e-01
6.086001026743836917e-01
6.150788597077082587e-01
6.244012458889690587e-01
6.373184062810357542e-01
6.425716108260872694e-01
6.466584604829568317e-01
6.638555662837921645e-01
6.671430246182745716e-01
6.721926457449682868e-01
6.825696238776952640e-01
6.996088641168052291e-01
7.062689982204614081e-01
7.259744135588143132e-01
7.375291179556795473e-01
7.444298386037764281e-01
7.539436060570974263e-01
7.631484408278067511e-01
7.732152806526823019e-01
7.765941660657658119e-01
7.812341213444428112e-01
7.922210238596196774e-01
8.041696166918792521e-01
8.098484888689804206e-01
8.199980270506141977e-01
8.256378998629385624e-01
8.317575995146564427e-01
8.457811773275832889e-01
8.495935886283760841e-01
8.572626053729681672e-01
8.684681311696214046e-01
8.764703779251861171e-01
8.856288236799633173e-01
9.029759071942784487e-01
9.048459487140046997e-01
9.134800109519858324e-01
9.204882141965591291e-01
9.358066960017121794e-01
9.397370664329808276e-01
9.494671940184606918e-01
9.563276025844417161e-01
9.588957267621004421e-01
9.712326925940637512e-01
9.790983034951348252e-01
9.848789442814802619e-01
9.952754789597731966e-01
1.002715563821001910e+00
1.013011449441627132e+00
1.019896134728941028e+00
1.037315226795448853e+00
1.042911505911115810e+00
1.054659260751948935e+00
1.059295914277950779e+00
1.067161326932569265e+00
1.073157320950581362e+00
1.081305610236453774e+00
1.095376361647291574e+00
1.104487811738215752e+00
1.108043870027085154e+00
1.113499037204845887e+00
1.126140138117742939e+00
1.128740006839707544e+00
1.136195555037935900e+00
1.141946074083308726e+00
1.162154172734593871e+00
1.169401840407619630e+00
1.173726583162033155e+00
1.182270418101872611e+00
1.187897715817026745e+00
1.200382435850408491e+00
1.206569027033363772e+00
1.220226754281354298e+00
1.224454949099678780e+00
1.231962464128858015e+00
1.238941023638527872e+00
1.250507630570415696e+00
1.262581662614262301e+00
1.275322797758777993e+00
1.281568250583184021e+00
1.285253851893071619e+00
1.293730165368944363e+00
1.299035927277556901e+00
1.311852192469140865e+00
1.329436779892007037e+00
1.334589063888305782e+00
1.337036196813584432e+00
1.345020504921660143e+00
1.356260255001287884e+00
1.359301125871616556e+00
1.363969545897472324e+00
1.378211787972573266e+00
1.383950732216192137e+00
1.393440539511273224e+00
1.400874017260850923e+00
1.420555567444480305e+00
1.427707147945986188e+00
1.440955088658768091e+00
1.447015335226397692e+00
1.450591970925650065e+00
1.455859609160156998e+00
1.460364859228483025e+00
1.462557643414757136e+00
1.469117683121507367e+00
1.495089647409811873e+00
1.500091718352195569e+00
1.508293222905443987e+00
1.512701855165276887e+00
1.521605332025710355e+00
1.538246234947274971e+00
1.544457720399565082e+00
1.545857884429423512e+00
1.562270182883959357e+00
1.576454527360670932e+00
1.590797820890949010e+00
1.600026311010786628e+00
1.604159718755699515e+00
1.613531911937518215e+00
1.620489768481560677e+00
1.629746834582831427e+00
1.640577393015384855e+00
1.652368123336904970e+00
1.659376382364064151e+00
1.668323708919719817e+00
1.677606714226911100e+00
1.691696841234050730e+00
1.693325278968232928e+00
1.698119168148175095e+00
1.711539514428619846e+00
1.712530693755309530e+00
1.725580651248016961e+00
1.733740697170672140e+00
1.748354755778208869e+00
1.752212434385312489e+00
1.762839924524441937e+00
1.765067139962269493e+00
1.769596354413977890e+00
1.780395397170015714e+00
1.787577573351775362e+00
1.801142471139551171e+00
1.808408115599171140e+00
1.812836343630090719e+00
1.827030735672568795e+00
1.837789849451629376e+00
1.845034340260151451e+00
1.849670244083956749e+00
1.860567125796428467e+00
1.862560872996790851e+00
1.871603983149107586e+00
1.881663622980838779e+00
1.890297885663561495e+00
1.908499958376807859e+00
1.912903856175599993e+00
1.934920027788064267e+00
1.942391918725213440e+00
1.946036144734212936e+00
1.953146328307197477e+00
1.959392212809388134e+00
1.971453892515889317e+00
1.977300108283743363e+00
1.988400486338183448e+00
1.994396993406303720e+00
2.000433340358633405e+00
2.013113346586583585e+00
2.017050006496680759e+00
2.024184362270148529e+00
2.028885618258358114e+00
2.034622078921858979e+00
2.043532630617955537e+00
2.052991389005346612e+00
2.058481831535493356e+00
2.068728230988141181e+00
2.074872677800128962e+00
2.079844911135879659e+00
2.094210682088371467e+00
2.101105710914856317e+00
2.106136521921192273e+00
2.115410375226495887e+00
2.123295609988168575e+00
2.127333453156804666e+00
2.147553338695434189e+00
2.154347768437274269e+00
2.169240785430913476e+00
2.178065945103715872e+00
2.188886453638676510e+00
2.195293016679350284e+00
2.202914792975086300e+00
2.214218756776210384e+00
2.223607650999950724e+00
2.233889228111284542e+00
2.250470639911560600e+00
2.256795851912706929e+00
2.269504034322520347e+00
2.275020934347700585e+00
2.282538059065145397e+00
2.297200857216029846e+00
2.305078767192655587e+00
2.324106466243167191e+00
2.328080257866273151e+00
2.331090913166329770e+00
2.341146373585778928e+00
2.349075739018520625e+00
2.359385026681120934e+00
2.366511672641720576e+00
2.377883476545413100e+00
2.381513053812502445e+00
2.383789465147406084e+00
2.401619758414375472e+00
2.414575584791194718e+00
2.423537515735000980e+00
2.436657948103131854e+00
2.444802969928702829e+00
2.458595215777859888e+00
2.469263433750789272e+00
2.485218906409914830e+00
2.491404211137999258e+00
2.496959892527468305e+00
2.503627701874102218e+00
2.515195535278325067e+00
2.522684854698372448e+00
2.533647274314187126e+00
2.538288189759555724e+00
2.545816938538000951e+00
2.557840603191473772e+00
2.565930544946395386e+00
2.575541472753550387e+00
2.588093389915019582e+00
2.598634027506615318e+00
2.615718946840282388e+00
2.618553090206193978e+00
2.630173715014135105e+00
2.639929670027440167e+00
2.647764460397330488e+00
2.667669178565182708e+00
2.674432186702732750e+00
2.688119841509763575e+00
2.692666420538848637e+00
2.710946614104368546e+00
2.723939721152678128e+00
2.735229740322205672e+00
2.750020262969764318e+00
2.753764710122118320e+00
2.759807837163142707e+00
2.767988792380565943e+00
2.773986348343987718e+00
2.788228914784750323e+00
2.796731170272900968e+00
2.804251143031944782e+00
2.825031628066974942e+00
2.830455046702192945e+00
2.854257756727877293e+00
2.862390251709708178e+00
2.876530019800233262e+00
2.895960861640047845e+00
2.910949893834420266e+00
2.928832256538252299e+00
2.932275680933011497e+00
2.952352724829820918e+00
2.963651734533873761e+00
2.979077188171093571e+00
2.989705180827294750e+00
3.003191718108261465e+00
3.022290714504246800e+00
3.027109405766751582e+00
3.037789018938288788e+00
3.051370088266256442e+00
3.059660013196570105e+00
3.071633632430807559e+00
3.092436580320762296e+00
3.100109891686035457e+00
3.108779165085127527e+00
3.122362701155946940e+00
3.133136758369539088e+00
3.143218280664036968e+00
3.155963639073022353e+00
3.160148714983932461e+00
3.164333506062660284e+00
3.167614762547485974e+00
3.179934345861722633e+00
3.199127795640155814e+00
3.204102239887604675e+00
3.215700785278795770e+00
3.227615483116163642e+00
3.239445684222085120e+00
3.246857523352394193e+00
3.274855610700314834e+00
3.286365208189865328e+00
3.294111115742747842e+00
3.319040956022772271e+00
3.325123023038659920e+00
3.345780428065327161e+00
3.354569333582662072e+00
3.362971705453197568e+00
3.370674477599011176e+00
3.382300981858885169e+00
3.391479223182799263e+00
3.410328126514519109e+00
3.423571972688851162e+00
3.433699806094637541e+00
3.440383639385775183e+00
3.459574781953363320e+00
3.473507854212741996e+00
3.490937499092690466e+00
3.505138446568746069e+00
3.518697634125677709e+00
3.527170094166001135e+00
3.547618430103030907e+00
3.564303931202197351e+00
3.581637289668752722e+00
3.591595056491679649e+00
3.610113915350089631e+00
3.619892315021012053e+00
3.637431404833363136e+00
3.646984768066242388e+00
3.656486780744455878e+00
3.680297311158872819e+00
3.696720814222901996e+00
3.713877360394703953e+00
3.726198973312034646e+00
3.746299701504816504e+00
3.755549855569582984e+00
3.765162942526179890e+00
3.792171241299747475e+00
3.803263583707467088e+00
3.807759273903046360e+00
3.825845178993974471e+00
3.842929466924189796e+00
3.845750165641710794e+00
3.858557958159928969e+00
3.867612120783427532e+00
3.886521882915600745e+00
3.906818444269965607e+00
3.912018120220762007e+00
3.933990642490052370e+00
3.948894564455648570e+00
3.959902164095348009e+00
3.976149125644305560e+00
3.997536295992349942e+00
4.010172196463527072e+00
4.022132621350438697e+00
4.030511058867961793e+00
4.038709718523577408e+00
4.047051688361966271e+00
4.055866222073544414e+00
4.070843447673224702e+00
4.074022267718898860e+00
4.095307171303907978e+00
4.123263522344848830e+00
4.134103146192655842e+00
4.139789396042071523e+00
4.155372972919289865e+00
4.159759832547078595e+00
4.174864891951736823e+00
4.183478418277028155e+00
4.245046987918512649e+00
4.260062451622472324e+00
4.266746733597098107e+00
4.277840935575450310e+00
4.300336851676544114e+00
4.315325719200651555e+00
4.324903652485279970e+00
4.353328116430773775e+00
4.362191014925158150e+00
4.399683943784014062e+00
4.413426393028229811e+00
4.433576308774306973e+00
4.442896595419446371e+00
4.453972847695731652e+00
4.496754517090726821e+00
4.505927060318576594e+00
4.522436797463366354e+00
4.556900196064342268e+00
4.561757353195319276e+00
4.588658228144372409e+00
4.604075405026944345e+00
4.638310757971764176e+00
4.664653937628464142e+00
4.691483965749195129e+00
4.706148914692669827e+00
4.722847846857871623e+00
4.752635992609998361e+00
4.766190099676633984e+00
4.781338039444089638e+00
4.786480989379190198e+00
4.806049282171923842e+00
4.831553410256732128e+00
4.839702661310397502e+00
4.853449435143145863e+00
4.895103302030937797e+00
4.937268544329426412e+00
4.952408775145497266e+00
4.965957758727360449e+00
5.029656129527152686e+00
5.053153377250296785e+00
5.067049953328630174e+00
5.094762414383109395e+00
5.097671715151731675e+00
5.139595707329127627e+00
5.152977517460950452e+00
5.195884067324301192e+00
5.199218193555560141e+00
5.221466143773779045e+00
5.250107655104141458e+00
5.251020091414988045e+00
5.287596599671837261e+00
5.323389474271464472e+00
5.348464875065085167e+00
5.352088759465122081e+00
5.365322005307919362e+00
5.420137302006668101e+00
5.440121568946937103e+00
5.487115885133238002e+00
5.514427814984735221e+00
5.539072860052221436e+00
5.561057267825560757e+00
5.564659914007973107e+00
5.604023136547122697e+00
5.627600309394699352e+00
5.643677810893757751e+00
5.653318514806391804e+00
5.696927265441411592e+00
5.721179598787839993e+00
5.731418740996746308e+00
5.766070454451402760e+00
5.768207430156705229e+00
5.782807740362979843e+00
5.806647322947911860e+00
5.811561355335572721e+00
5.851677252036597388e+00
5.885898997255273990e+00
5.967664677022376907e+00
6.035932855556438881e+00
6.049670695301476719e+00
6.083150460507178892e+00
6.096732264506677268e+00
6.120929501211930024e+00
6.152044930028206515e+00
6.154712943602206110e+00
6.215380909161912548e+00
6.252873997344180701e+00
6.298773850609575398e+00
6.360828364104966326e+00
6.415032657563162211e+00
6.441850039375185411e+00
6.472953568687794146e+00
6.535465066816755986e+00
6.585958061984145573e+00
6.768843271637750014e+00
6.790848330711068748e+00
7.337564311509047421e+00
7.748235339957799894e+00
