-7.267088345875224675e+00
-6.238735542389131083e+00
-6.144795596113564073e+00
-5.891185684121385435e+00
-5.887970754399783679e+00
-5.779878490924994949e+00
-5.752721106162106857e+00
-5.705486562901850078e+00
-5.698581674697502208e+00
-5.653042182769248747e+00
-5.624617132383031404e+00
-5.507036833675195808e+00
-5.455401362867393189e+00
-5.423569153859947534e+00
-5.371470562039560193e+00
-5.353196650852141580e+00
-5.337468483151555532e+00
-5.247737330617735729e+00
-5.176986350642832413e+00
-5.151510337776301185e+00
-5.129667944727937190e+00
-5.092925556488751226e+00
-5.079184477015217247e+00
-5.066972810521389370e+00
-5.044225978494925933e+00
-4.949190402429295865e+00
-4.948101366654721112e+00
-4.906087422900561101e+00
-4.891647682640829053e+00
-4.873895288094221456e+00
-4.854345037806710117e+00
-4.772026784000200195e+00
-4.768180106710818933e+00
-4.686417873485828167e+00
-4.670306908652194444e+00
-4.668934022869891898e+00
-4.663991764764486625e+00
-4.594383804307588193e+00
-4.587018381056813254e+00
-4.545943274872624507e+00
-4.495820881858821672e+00
-4.484271124000553499e+00
-4.462299652101950898e+00
-4.435490005739667119e+00
-4.392808024031212177e+00
-4.379106192796715646e+00
-4.371229154964625607e+00
-4.279314617381971608e+00
-4.218761623154913210e+00
-4.203703992402892275e+00
-4.187876956188216759e+00
-4.164945856522861867e+00
-4.150857837207954759e+00
-4.141967872077739976e+00
-4.130550193597785302e+00
-4.113669660711098963e+00
-4.092152081438853450e+00
-4.079385427099581740e+00
-4.060204251108954665e+00
-4.025495563644280850e+00
-3.973301327499687563e+00
-3.967059887846759114e+00
-3.962124193134498373e+00
-3.941589588378958453e+00
-3.937703220218503830e+00
-3.923203055979731957e+00
-3.908312504794456910e+00
-3.888230817381785442e+00
-3.875850405771622320e+00
-3.863489647486102019e+00
-3.859061280243045289e+00
-3.819736116488104294e+00
-3.813340733790992587e+00
-3.792574620302843869e+00
-3.773468927119405514e+00
-3.754290770611603101e+00
-3.742252396834576889e+00
-3.710718583594618813e+00
-3.706916304303404353e+00
-3.681912067330268989e+00
-3.676243504016424968e+00
-3.654309357194507335e+00
-3.593029401918651278e+00
-3.578184841737964472e+00
-3.568538100296937632e+00
-3.531185555182098312e+00
-3.524461839399453122e+00
-3.503730758688071933e+00
-3.493508693393209352e+00
-3.471406113823244155e+00
-3.455430620696355870e+00
-3.411232292952543599e+00
-3.405070398283312816e+00
-3.372906903838598591e+00
-3.357322188537142260e+00
-3.353324467235692996e+00
-3.339434604271356299e+00
-3.312752424953611996e+00
-3.304073926975372277e+00
-3.291209928555529185e+00
-3.275126034272820341e+00
-3.254239833321094455e+00
-3.242961125688785806e+00
-3.223157805443040758e+00
-3.191957801180145715e+00
-3.184676677068841499e+00
-3.171602448370642868e+00
-3.151696721281204816e+00
-3.140472067053878824e+00
-3.112589009099279380e+00
-3.102531719569419533e+00
-3.084612052791231740e+00
-3.079521222371838007e+00
-3.074550463541854572e+00
-3.066193734378455549e+00
-3.057119361132976998e+00
-3.019442952936521873e+00
-3.013776510056291436e+00
-3.004618060318319017e+00
-2.988738852663097134e+00
-2.961153570918158451e+00
-2.958313219007161265e+00
-2.952856637765998382e+00
-2.932960745160929417e+00
-2.898351189187438059e+00
-2.892495447309018086e+00
-2.873248454975808830e+00
-2.848154183092973302e+00
-2.842793470300069458e+00
-2.824752932000952121e+00
-2.790422074321452062e+00
-2.783853117865138227e+00
-2.765870409323233137e+00
-2.745282355315048495e+00
-2.729030714012948167e+00
-2.720989154184917602e+00
-2.700141083649819418e+00
-2.686671736533857935e+00
-2.671169152719465423e+00
-2.661564044193448719e+00
-2.631937382116080304e+00
-2.623299275158108568e+00
-2.582867745564162654e+00
-2.569294623644671649e+00
-2.559146416890823783e+00
-2.547488373461131772e+00
-2.540891741508557011e+00
-2.529696592622694862e+00
-2.519741001137317138e+00
-2.498316790034242896e+00
-2.465760419963019867e+00
-2.454240716956749058e+00
-2.441158337728602579e+00
-2.419603819426775271e+00
-2.413927641808451874e+00
-2.408502535122865940e+00
-2.396175015161215338e+00
-2.391565269902430568e+00
-2.358758879901368122e+00
-2.346804062607656061e+00
-2.338771527973263709e+00
-2.334819709749458738e+00
-2.309525963693284112e+00
-2.292804264708555806e+00
-2.287023271992550733e+00
-2.277819547472073936e+00
-2.263701743183315518e+00
-2.250326899412191217e+00
-2.241179349258551667e+00
-2.232403308021047916e+00
-2.201484997974660462e+00
-2.196142378978851450e+00
-2.192644861969689885e+00
-2.178821267368955983e+00
-2.169942698651449842e+00
-2.154106759898807955e+00
-2.148050338304247742e+00
-2.138066995197386522e+00
-2.120497020238270469e+00
-2.108544781556732861e+00
-2.092240171677268723e+00
-2.065475443040307724e+00
-2.047145548076387378e+00
-2.036315819778656611e+00
-2.027099972985725973e+00
-2.023593645203904945e+00
-2.011944471884319796e+00
-1.999155635210732251e+00
-1.990731018158980792e+00
-1.986411904558087693e+00
-1.981158474865621022e+00
-1.965762950657897745e+00
-1.956032591415518551e+00
-1.936233562096704830e+00
-1.930062584014505145e+00
-1.925145583916424208e+00
-1.907094879512495567e+00
-1.895540863236139240e+00
-1.884866429795182707e+00
-1.873104048723280401e+00
-1.862702331159040936e+00
-1.841624299621445582e+00
-1.829244537369098422e+00
-1.806603549470295889e+00
-1.789200022518687705e+00
-1.769180082334050441e+00
-1.756767210927252520e+00
-1.727645338825000154e+00
-1.697287550219247487e+00
-1.695642748686522205e+00
-1.677745021995032282e+00
-1.675113965043436348e+00
-1.663397649573904458e+00
-1.650548961328398567e+00
-1.648754325636919038e+00
-1.634463769442821235e+00
-1.631130292701992612e+00
-1.600434799172822276e+00
-1.586886253331694308e+00
-1.580381264238739814e+00
-1.572703246475251504e+00
-1.552819996380185419e+00
-1.538426426493088917e+00
-1.534138702330120729e+00
-1.517237161550545332e+00
-1.507867951239856064e+00
-1.498987524973937502e+00
-1.469501759349893133e+00
-1.455198007479103772e+00
-1.437447459235841496e+00
-1.430424202292471358e+00
-1.411882186383788262e+00
-1.405680782108092108e+00
-1.385549182681671043e+00
-1.374856019640274152e+00
-1.356367590646233356e+00
-1.341087930517677496e+00
-1.332839750537457402e+00
-1.323007314489244246e+00
-1.314882889919347431e+00
-1.297755489701061693e+00
-1.292144963982998274e+00
-1.274699552155211135e+00
-1.261282903626110841e+00
-1.252919228365641624e+00
-1.241633742127877582e+00
-1.233510875690758235e+00
-1.224642049339745187e+00
-1.220610529441222614e+00
-1.206925816436538623e+00
-1.201152222645544221e+00
-1.195516729562260627e+00
-1.177194720308726739e+00
-1.161042611315452389e+00
-1.155555919457722513e+00
-1.124794179151642703e+00
-1.118599956549482188e+00
-1.116090486948995597e+00
-1.094032263911247638e+00
-1.076228051457696067e+00
-1.060497490768394835e+00
-1.052534426657760536e+00
-1.044483851727664003e+00
-1.026574801609767773e+00
-1.013865737043644133e+00
-9.861932749132569231e-01
-9.759042749984470078e-01
-9.661379258775478762e-01
-9.568759391190277963e-01
-9.417212785235273831e-01
-9.341016264768520205e-01
-9.308912327594388580e-01
-9.238857541308435062e-01
-9.136993405289086656e-01
-8.947846511839396832e-01
-8.811405292611854678e-01
-8.666438215154704805e-01
-8.574472035343068121e-01
-8.504220074437539578e-01
-8.327266397418128241e-01
-8.231509832674187566e-01
-8.173385537050102956e-01
-8.079834413794881876e-01
-8.036451030491560399e-01
-7.874191436406252631e-01
-7.731358045177048055e-01
-7.670182236593872105e-01
-7.599693344075245660e-01
-7.495950267458674210e-01
-7.357935046347722219e-01
-7.138590560892477122e-01
-7.049893061566534502e-01
-6.924731277279153607e-01
-6.863800213704864817e-01
-6.774522590579040715e-01
-6.696800176605858246e-01
-6.529924285233913439e-01
-6.472967769619658585e-01
-6.412499177458166333e-01
-6.262572105496072572e-01
-6.138370567599215066e-01
-6.104920298048351901e-01
-5.920746255494743204e-01
-5.832505774778674601e-01
-5.652052267710259148e-01
-5.564422922369002267e-01
-5.439207026782166832e-01
-5.329670439696108097e-01
-5.106832986709508582e-01
-5.070814747406583445e-01
-5.047298065629736152e-01
-4.861678699340230558e-01
-4.745093787533046781e-01
-4.646485962303489314e-01
-4.578066484076094289e-01
-4.505218202927215865e-01
-4.302522332053104193e-01
-4.272214007848743056e-01
-4.150326679657519446e-01
-4.131882046443676737e-01
-4.078770792853987359e-01
-3.963911434764625930e-01
-3.888307894915534746e-01
-3.842148213825792302e-01
-3.723256767939142065e-01
-3.685436498248494952e-01
-3.423050501946502955e-01
-3.271670270707052186e-01
-3.212930156903752721e-01
-2.969052772296860154e-01
-2.934285776220726394e-01
-2.759188861789420022e-01
-2.727248683483792235e-01
-2.628681140541105909e-01
-2.559720086900299507e-01
-2.468421150451693413e-01
-2.374333150269007098e-01
-2.335991005585967284e-01
-2.139034967669924125e-01
-2.103174294763405783e-01
-1.969214897784270224e-01
-1.817884784921271757e-01
-1.768858371386338724e-01
-1.633340683007961092e-01
-1.556553329385906570e-01
-1.407115155332448464e-01
-1.341765102534556997e-01
-1.076312109269950273e-01
-9.198878330263973724e-02
-8.491761692902222158e-02
-6.795753275184582276e-02
-6.031313815766255887e-02
-5.606084193933667109e-02
-4.918102813348688290e-02
-3.700471426144448517e-02
-1.829385941943475688e-02
-7.911196531657217063e-03
-4.394081098737022233e-03
-1.438819246336376029e-03
3.750666869411504751e-03
1.483737707112971378e-02
2.277140474027884026e-02
2.897391358265326983e-02
3.855067012522452735e-02
4.539790064038955880e-02
5.181184616430117851e-02
6.715641601409029493e-02
9.005649462735619559e-02
9.868592302263427818e-02
1.037428973563064155e-01
1.097123508912433987e-01
1.115954827588779147e-01
1.214009014273813303e-01
1.340099769363441162e-01
1.358118509857132450e-01
1.524411409112432225e-01
1.645054932140073700e-01
1.720424329158879440e-01
1.861306199918834337e-01
2.040374844322951908e-01
2.089450892741169796e-01
2.253926520638435682e-01
2.273067167538102562e-01
2.360434207713670018e-01
2.438368380103993760e-01
2.744369735699856427e-01
2.776618054174406769e-01
3.073092815515697795e-01
3.106839243748233392e-01
3.162893294718382986e-01
3.266945678909700668e-01
3.333690626985389982e-01
3.419998524091908410e-01
3.669538118048551456e-01
3.737117314047909145e-01
3.825087980897077800e-01
4.044719046601230050e-01
4.061330162708280400e-01
4.145629550358214677e-01
4.170152016721926369e-01
4.179823685424114976e-01
4.299578059170359734e-01
4.559588155853460112e-01
4.644025497395249946e-01
4.782141382252415585e-01
4.877660780371380067e-01
5.067932414003869512e-01
5.126661779528278728e-01
5.269947684349512995e-01
5.312953517030636341e-01
5.451155089793766617e-01
5.488854894950438990e-01
5.661180018447145024e-01
5.710288496542269554e-01
5.829061831825682605e-01
5.915640498163138306e-01
5.961343624194636037e-01
6.126711826445884190e-01
6.266154911449239862e-01
6.323092275744561785e-01
6.521460829309922991e-01
6.545854667034041174e-01
6.635130593790303788e-01
6.663785915429768503e-01
6.712772614001830673e-01
6.785764487162512237e-01
6.933300363266100552e-01
7.094741373531543438e-01
7.227359206481412945e-01
7.291335573215602661e-01
7.386373268740071829e-01
7.530992412698869209e-01
7.786881141987530563e-01
7.833043359503176761e-01
7.933977765923967418e-01
8.046265513472657949e-01
8.079521878971086535e-01
8.135770839235066942e-01
8.348727019845060271e-01
8.632685943777815840e-01
8.776551171566828735e-01
8.850516543234608902e-01
8.943656920375926411e-01
8.981985730634917120e-01
9.045420267729267216e-01
9.243028260681663832e-01
9.301253872377348575e-01
9.390564433538099998e-01
9.490547783665848058e-01
9.720712717289778926e-01
9.923885973016075557e-01
9.961801217902399586e-01
1.009668702497942272e+00
1.016957607549753062e+00
1.035878325742220607e+00
1.041366508656502488e+00
1.053777554836345054e+00
1.081553258127629702e+00
1.095237456045693447e+00
1.111135057615261656e+00
1.128781843229250681e+00
1.145895073796069363e+00
1.149792613372780270e+00
1.161271775272164852e+00
1.189897575620183501e+00
1.200591934504223746e+00
1.209975438793480240e+00
1.221385137193926385e+00
1.223524458191121989e+00
1.233408174447811367e+00
1.241307716271236927e+00
1.252582460218017779e+00
1.265002124198312927e+00
1.277976541286019341e+00
1.291914820839183742e+00
1.322363278125161079e+00
1.325977859259439340e+00
1.354536352861878790e+00
1.368214513720610537e+00
1.376978249009825461e+00
1.396714133659707535e+00
1.404147681843823880e+00
1.408977311536973476e+00
1.419647229008685008e+00
1.440620758071475160e+00
1.444584413987246352e+00
1.458317039107930313e+00
1.460698355667243042e+00
1.470510568843575117e+00
1.485389789278446893e+00
1.491297507901551578e+00
1.522442586557298805e+00
1.538140229871570286e+00
1.540500195932608340e+00
1.554747655876106194e+00
1.574317045670172721e+00
1.579986185813731181e+00
1.582016836369827040e+00
1.589442960071834055e+00
1.606015291272850920e+00
1.616654099463960881e+00
1.631590591301465887e+00
1.637624715039236678e+00
1.650038530147282634e+00
1.656395833438796705e+00
1.658844121675036698e+00
1.676548200291077428e+00
1.701463943415301161e+00
1.715556265823779070e+00
1.732270599619831541e+00
1.754878579438933661e+00
1.758707342026201603e+00
1.772931570958241387e+00
1.780865947832834362e+00
1.798184434478907523e+00
1.808180701809732005e+00
1.827985626938089414e+00
1.839301453071254810e+00
1.845122487844769843e+00
1.857121868374185469e+00
1.864947887800986637e+00
1.869864015021146963e+00
1.884027021242490774e+00
1.886936241431515393e+00
1.910901388278612778e+00
1.919531543356104208e+00
1.923860514761498219e+00
1.944903309930331892e+00
1.952657633003360926e+00
1.983687453637255738e+00
1.997823207555946112e+00
2.009776441843591499e+00
2.032851890859721511e+00
2.057275926967235602e+00
2.067729377997619800e+00
2.077248505746738694e+00
2.088391962991755779e+00
2.116831566762429340e+00
2.128898494774844163e+00
2.135520139556739583e+00
2.150974022716549250e+00
2.168853630545043654e+00
2.176284487850263627e+00
2.180711845631797097e+00
2.187766469035367756e+00
2.203198366805579678e+00
2.205851163838984608e+00
2.230237445408364660e+00
2.238326506350716283e+00
2.250158062873588882e+00
2.268376629987375992e+00
2.279112334425492215e+00
2.294053888198585245e+00
2.304886850170291268e+00
2.313511812999840878e+00
2.323375165873124093e+00
2.332686465582964441e+00
2.340353287692135797e+00
2.361229427963916550e+00
2.369710602451212456e+00
2.389002360113638090e+00
2.393957002750096930e+00
2.414681061616050339e+00
2.417413830196193381e+00
2.441732595347224866e+00
2.450499590897416535e+00
2.467453206366306606e+00
2.486360063706299250e+00
2.506168525397089120e+00
2.510350187793755961e+00
2.532307079488309576e+00
2.541261756765442303e+00
2.547189436722860023e+00
2.555912114542445934e+00
2.572868561647471797e+00
2.608019947093120461e+00
2.627705002564174830e+00
2.636149882349855034e+00
2.662876030366625013e+00
2.671941527545545370e+00
2.692418325334112517e+00
2.715633807097706853e+00
2.719894205734960213e+00
2.724032478314861283e+00
2.734102646895833377e+00
2.757285188519886354e+00
2.772400510691334752e+00
2.788606535951956289e+00
2.804882024430477294e+00
2.827382900209853833e+00
2.846291128731046172e+00
2.860228164430742126e+00
2.882259045700077404e+00
2.900114324690003631e+00
2.913030907963401805e+00
2.924547595016107948e+00
2.944071842030551611e+00
2.973480819885713444e+00
2.974839808030869115e+00
2.993253509959401093e+00
2.997958156800870633e+00
3.003473784605646291e+00
3.013257824457406642e+00
3.034022862738024795e+00
3.059865605648946385e+00
3.086733905887586893e+00
3.092599764353105574e+00
3.122180518510223379e+00
3.127208234423442423e+00
3.169142221001716386e+00
3.188016809634442783e+00
3.237267268646089935e+00
3.244208288314551325e+00
3.278301945202815926e+00
3.285641548356430519e+00
3.305472975453525919e+00
3.310763795843517876e+00
3.312661506219027441e+00
3.316698009561257265e+00
3.335598354797383980e+00
3.371096609625437779e+00
3.379401999030272385e+00
3.380147735661692021e+00
3.428226347110463923e+00
3.454474684093590930e+00
3.468959960512082219e+00
3.500758162905124760e+00
3.504149257368974979e+00
3.510453741390040072e+00
3.524079944761354888e+00
3.538052492277485417e+00
3.549316728552011302e+00
3.580674761896111669e+00
3.603193304085670068e+00
3.607750921351290163e+00
3.618870288905917221e+00
3.640422230375744306e+00
3.679007894017178870e+00
3.703947181152402290e+00
3.710986392716452364e+00
3.763475193324510304e+00
3.782249741538466381e+00
3.793319053900630511e+00
3.801524381324413060e+00
3.825176676616274030e+00
3.859267464991650964e+00
3.869361998751316811e+00
3.910262083903043084e+00
3.932704583875162641e+00
3.944772820762735499e+00
3.972521578792323815e+00
3.988840111628284557e+00
4.012263311561276247e+00
4.022870997062328868e+00
4.041117295073300753e+00
4.069120050973936031e+00
4.072192568930736556e+00
4.116783995600433954e+00
4.128610842883385423e+00
4.142008636520467135e+00
4.203806523219830282e+00
4.262455356416961827e+00
4.293561544233168270e+00
4.339268935926322790e+00
4.369233026049429647e+00
4.374375895708401352e+00
4.415658230515649763e+00
4.434469719860833159e+00
4.490353938373005782e+00
4.490587154134687786e+00
4.624651390144234320e+00
4.694221184475590114e+00
4.708603968271451556e+00
4.765124483477555906e+00
4.772753422769629772e+00
4.920563888322060819e+00
4.947593061487456367e+00
4.963776079012199638e+00
5.016977433524894892e+00
5.052915070770441552e+00
5.068684554674622866e+00
5.186651086930465837e+00
5.214576014396490322e+00
5.285420398230779249e+00
5.406905190792331339e+00
5.439631217423724685e+00
5.456823047064243148e+00
5.464130223721471502e+00
5.472880932011523036e+00
5.507213422178319107e+00
5.523462378904437031e+00
5.527613253285820427e+00
5.607614003065817698e+00
5.615783129360343295e+00
5.801367274453568257e+00
5.970047004767762289e+00
6.055543911784954325e+00
6.259440579778178027e+00
6.304274294516588384e+00
6.719589306959955266e+00
7.607075009506026220e+00
