-4.690280600852738679e+00
-4.434003383541778476e+00
-4.349230191768330478e+00
-4.223696526070540358e+00
-4.187192112337673855e+00
-4.150532529338335941e+00
-4.102307116764277062e+00
-4.049637203799147045e+00
-4.041760021914076795e+00
-4.029705342907536014e+00
-4.002256016928707361e+00
-3.966209870332738863e+00
-3.942773213644858554e+00
-3.925982277080716010e+00
-3.895868571450589624e+00
-3.837011263171398845e+00
-3.830908084372669276e+00
-3.822258768097264614e+00
-3.819250557428893522e+00
-3.803251169539334064e+00
-3.745824845547220061e+00
-3.745435930784005496e+00
-3.675370798788840876e+00
-3.662092642849099189e+00
-3.652342253547175677e+00
-3.644418317492049475e+00
-3.642700582601754444e+00
-3.633667293689632150e+00
-3.599740942490244233e+00
-3.595975090366922533e+00
-3.580586928543274094e+00
-3.576383219385761425e+00
-3.555169503306472301e+00
-3.546908387574586818e+00
-3.540382658436924679e+00
-3.533915063599921247e+00
-3.508683591108424871e+00
-3.479797252829783805e+00
-3.442131959499367344e+00
-3.433741197582971694e+00
-3.417677276012867971e+00
-3.410522126725882952e+00
-3.380872336545173606e+00
-3.370433954262125109e+00
-3.368529085627760988e+00
-3.362230660835501261e+00
-3.358566121471769250e+00
-3.355786080899420654e+00
-3.352635297147272819e+00
-3.328052291766747661e+00
-3.324438265207565468e+00
-3.318272369018274492e+00
-3.303073222788688312e+00
-3.263859170832450030e+00
-3.259900717930104275e+00
-3.247905969594417908e+00
-3.222847916692970660e+00
-3.195620568450346699e+00
-3.180028350555364813e+00
-3.174076031340503423e+00
-3.160954797327702792e+00
-3.152290700028864467e+00
-3.142964476639515503e+00
-3.139274952770728433e+00
-3.129583366280928036e+00
-3.121408858863162994e+00
-3.106401909061157873e+00
-3.102425095498277940e+00
-3.088675343815893815e+00
-3.075578612500531328e+00
-3.067178787963946718e+00
-3.059165744290991196e+00
-3.035965385574646458e+00
-3.031011200673197070e+00
-3.024485308373865866e+00
-3.006568240173233875e+00
-2.990034344319224768e+00
-2.975941374554728291e+00
-2.964783343498039070e+00
-2.956160006953927777e+00
-2.940294141410999096e+00
-2.923234456023103611e+00
-2.901583259267935588e+00
-2.886437901741560008e+00
-2.867246916283920033e+00
-2.851924084552415639e+00
-2.837453585372267106e+00
-2.826834356547379912e+00
-2.819955667676124822e+00
-2.806954892222507159e+00
-2.797280509819599637e+00
-2.784713245781825552e+00
-2.776150299109079178e+00
-2.766887938647253797e+00
-2.733264284148069656e+00
-2.715821841065326758e+00
-2.704847647457091941e+00
-2.703644761461422963e+00
-2.687235961355430636e+00
-2.672625328841355508e+00
-2.652597938797474963e+00
-2.647997331757372397e+00
-2.631834860228286388e+00
-2.616206148855269031e+00
-2.591649394513091842e+00
-2.568572920783688929e+00
-2.565457978966910968e+00
-2.553654310953652473e+00
-2.538566013095012508e+00
-2.526491277986349093e+00
-2.522261346874829169e+00
-2.513116266140493771e+00
-2.493445934698528710e+00
-2.490108897737782545e+00
-2.482949234747632516e+00
-2.472680961632211627e+00
-2.462928456018519174e+00
-2.448859041847532669e+00
-2.427505931930264094e+00
-2.418763978875998699e+00
-2.402274907204236420e+00
-2.397348833557352954e+00
-2.386601930985245978e+00
-2.374274510616494194e+00
-2.357121603283701461e+00
-2.330190248862903157e+00
-2.318374297138739326e+00
-2.308208159467219023e+00
-2.290262126766644535e+00
-2.270354542684420274e+00
-2.264446661324846399e+00
-2.242410598615289796e+00
-2.219997443861883912e+00
-2.197168605185185530e+00
-2.179119538916256982e+00
-2.167467812188237364e+00
-2.143607703022592403e+00
-2.127357024878816727e+00
-2.109313396501645510e+00
-2.080379237255824076e+00
-2.036973976551588184e+00
-2.005392547434320161e+00
-1.996866620211393162e+00
-1.986404769109614721e+00
-1.956129368883371855e+00
-1.935268147010468898e+00
-1.894709585125946560e+00
-1.864149413667416821e+00
-1.851559700529750385e+00
-1.841351944295377185e+00
-1.832773684226153943e+00
-1.812658578010411192e+00
-1.795300352760227591e+00
-1.785249161033882537e+00
-1.772774117266944005e+00
-1.751866142677129146e+00
-1.734719443712659404e+00
-1.726084308107858289e+00
-1.710910616183915156e+00
-1.696008995761682847e+00
-1.688810300624433047e+00
-1.681414990582314362e+00
-1.670516850074557746e+00
-1.663165321306222078e+00
-1.646318888326871566e+00
-1.642033604257027823e+00
-1.628234112213952312e+00
-1.614871959660218570e+00
-1.605311507143890593e+00
-1.599687121165488168e+00
-1.591519125603186202e+00
-1.570364570084895384e+00
-1.558001013213659913e+00
-1.548890615947084104e+00
-1.537074446874928890e+00
-1.521506676908012778e+00
-1.503216746644420843e+00
-1.496020856365146923e+00
-1.487183330859134234e+00
-1.474736699162455755e+00
-1.468617414375320118e+00
-1.458468909373395572e+00
-1.443416438545920055e+00
-1.428261794112119398e+00
-1.415633526357323868e+00
-1.395144051313556677e+00
-1.384878707562811062e+00
-1.373722586448478555e+00
-1.365242410759504033e+00
-1.353375914108122746e+00
-1.343206831707076443e+00
-1.337148160126068408e+00
-1.329459464673053315e+00
-1.317350884441288894e+00
-1.305728871293400317e+00
-1.302330862392317545e+00
-1.291902572762360535e+00
-1.280221600670441440e+00
-1.266033200651113022e+00
-1.252320863714378563e+00
-1.244627992635489955e+00
-1.240331770981826010e+00
-1.231451964255732445e+00
-1.219501144895029476e+00
-1.212391539087136483e+00
-1.204532834460283031e+00
-1.198013493027391574e+00
-1.189259084816310708e+00
-1.180627864105810332e+00
-1.179007607703027150e+00
-1.170718036287161867e+00
-1.157672541659119148e+00
-1.145583322924928149e+00
-1.136446926662362689e+00
-1.124661281940787738e+00
-1.116439353815793067e+00
-1.105902276002580953e+00
-1.099113117629845648e+00
-1.091898907062308410e+00
-1.080339887843331681e+00
-1.073146497146043599e+00
-1.069635073345581722e+00
-1.060700761920210233e+00
-1.046792828036827716e+00
-1.033731410964735753e+00
-9.968052206127341330e-01
-9.921056651262893933e-01
-9.789386669055335499e-01
-9.741995629864718120e-01
-9.650535628183029013e-01
-9.449299701414924924e-01
-9.361734636509262408e-01
-9.268660074687984363e-01
-9.209011151032309161e-01
-9.097545940765437988e-01
-9.035964046558200291e-01
-8.959669098319419378e-01
-8.873346002316110370e-01
-8.852690518608924419e-01
-8.706144117155554252e-01
-8.613315101329613865e-01
-8.559487859318657410e-01
-8.467737673772649520e-01
-8.411886715769498757e-01
-8.300602994958649061e-01
-8.233913927826016499e-01
-8.218619186983023850e-01
-8.083863482483213403e-01
-7.958921291293835631e-01
-7.880045759066526267e-01
-7.771492455704233082e-01
-7.698161311677967911e-01
-7.623978775979346478e-01
-7.592551962283674571e-01
-7.470408399396581967e-01
-7.307942856557585465e-01
-7.240466393407521961e-01
-7.026932349879377870e-01
-6.861173248570431316e-01
-6.804847320759507268e-01
-6.721643602663300854e-01
-6.600068810338047820e-01
-6.512298992111804630e-01
-6.390929437916825773e-01
-6.338409138070402182e-01
-6.298278296056641912e-01
-6.251605236475619165e-01
-6.081774301920914727e-01
-5.981231454172291073e-01
-5.864316935886616511e-01
-5.774975329313846162e-01
-5.674396205881884203e-01
-5.530713213013145335e-01
-5.418565052433836904e-01
-5.354390675449262060e-01
-5.288290426881276929e-01
-5.253483991832750277e-01
-5.130664288527602146e-01
-5.054938391077713478e-01
-5.017162740175392655e-01
-4.914108556855474874e-01
-4.846458975679193149e-01
-4.728083056042489685e-01
-4.658582745607350306e-01
-4.606393441388334509e-01
-4.498839775221915027e-01
-4.391609477318401678e-01
-4.276665815313694385e-01
-4.221586162628165884e-01
-4.070194723607966081e-01
-3.938576683991432126e-01
-3.882390955787702880e-01
-3.870451277446816385e-01
-3.739331059900841692e-01
-3.652792922444960122e-01
-3.589260345134859809e-01
-3.538306442812533259e-01
-3.455643562496134580e-01
-3.319768005485581042e-01
-3.241009461835611671e-01
-3.061751814397988825e-01
-2.976968847485215730e-01
-2.847741719811689443e-01
-2.800326471012022922e-01
-2.630336040472717740e-01
-2.580605083268254218e-01
-2.501573418809182048e-01
-2.442107698987642794e-01
-2.377592795077821397e-01
-2.260568065440629604e-01
-2.186358393777056985e-01
-2.151396962189469075e-01
-1.977074014153502590e-01
-1.906242769514411017e-01
-1.808844237586976489e-01
-1.751020231934680982e-01
-1.659176035579753294e-01
-1.492108158906738924e-01
-1.470135204936628692e-01
-1.356512659613693939e-01
-1.311675624380178040e-01
-1.208967824737355312e-01
-1.024113796487543249e-01
-9.903513934371993566e-02
-9.387367671665405866e-02
-8.964821551684680478e-02
-8.151544960248804927e-02
-6.973999334209740608e-02
-6.071234957629917384e-02
-5.503308431323758465e-02
-4.543524396204341037e-02
-3.970903039719973771e-02
-3.198046995210419158e-02
-1.472028182844055226e-02
-1.079532334546133565e-02
-6.070131398715989356e-03
-2.768331133511723122e-03
1.362359829976369716e-02
1.722438018864205778e-02
1.934224086754638555e-02
2.282447925086419568e-02
4.087751410263753410e-02
5.385660945676023353e-02
6.566918161374195317e-02
7.429565978046480390e-02
7.895328577503310519e-02
9.276947916538726135e-02
9.928331222619662944e-02
1.085650405205110386e-01
1.139438923286548860e-01
1.280152477151202672e-01
1.352596806378113525e-01
1.446929026978141242e-01
1.531450375312515266e-01
1.544518609737968451e-01
1.681717504454110224e-01
1.770505638743724297e-01
1.901844952307552017e-01
1.990620208668206215e-01
2.035025516106397647e-01
2.095340977410170558e-01
2.170095457733117184e-01
2.245123183513458021e-01
2.356373884803162344e-01
2.407789326928954643e-01
2.502276621349327490e-01
2.580527648505773763e-01
2.673909618403135235e-01
2.714541983215417176e-01
2.848021767565854789e-01
2.879840520004618987e-01
3.016483643615164301e-01
3.115142888456723380e-01
3.197626762670944256e-01
3.289867380881927317e-01
3.346234967695669305e-01
3.458038205830270551e-01
3.494140170928028422e-01
3.580032025057360290e-01
3.684409218009915277e-01
3.761607331191063053e-01
3.873508268113630137e-01
4.018653916386785152e-01
4.080620835282919856e-01
4.165060393658635007e-01
4.263736956782768206e-01
4.346636091778791622e-01
4.364656489505368553e-01
4.411298995254129274e-01
4.511605701885958997e-01
4.564508511065349383e-01
4.672334699452548312e-01
4.775949452392061478e-01
4.804912232299665686e-01
4.915073012693719767e-01
4.931842929071423853e-01
5.004735279706414852e-01
5.125323432576035509e-01
5.198876252214820193e-01
5.291989629378556215e-01
5.358221032315948484e-01
5.417929052900857245e-01
5.475366784053202762e-01
5.585180285109707654e-01
5.669841188783109054e-01
5.789121445208750272e-01
5.836002045654743453e-01
5.917878919621493150e-01
6.018126689703703347e-01
6.105128224959817107e-01
6.266438832422650540e-01
6.290323775685709995e-01
6.421356133963125323e-01
6.578802775662131452e-01
6.599197045781686199e-01
6.707902335743410882e-01
6.918628486641535957e-01
6.934768514389081373e-01
7.118440018445666428e-01
7.172152451931604888e-01
7.268688922209564085e-01
7.315714282948200253e-01
7.504395758666506655e-01
7.547318739401878140e-01
7.694261165025347848e-01
7.767133719578436235e-01
7.838959128763999251e-01
7.926288039662999774e-01
8.019598581627769285e-01
8.124831804023623372e-01
8.200027179922408926e-01
8.254318841563696996e-01
8.284584081754048368e-01
8.434465720539524591e-01
8.518074315528068041e-01
8.605248633570230510e-01
8.711442439699762508e-01
8.830123523303345934e-01
8.857480375200840195e-01
8.940155200997681462e-01
9.115262706214326549e-01
9.194833977894614208e-01
9.315824742082791099e-01
9.357148206092349429e-01
9.462640559423872721e-01
9.541764547916019579e-01
9.592547515408140768e-01
9.726795510841129699e-01
9.837800648377734714e-01
9.912578991884739565e-01
1.010658112495351979e+00
1.016864260709311241e+00
1.021953738014663937e+00
1.033094243230868514e+00
1.042198236149486368e+00
1.046784052105062424e+00
1.058203095435040764e+00
1.067803844340486030e+00
1.074411642603644523e+00
1.078445604897437793e+00
1.088986039821962848e+00
1.094462140144512263e+00
1.102489407319274806e+00
1.107181036749748548e+00
1.122269159064589461e+00
1.134007134468259181e+00
1.153954831272753667e+00
1.159776877854592936e+00
1.164639330774154047e+00
1.174964026102282899e+00
1.182763072407710725e+00
1.194265192350175475e+00
1.206053439334376476e+00
1.217141674768991599e+00
1.223010768723924224e+00
1.230929694691052845e+00
1.237735591448888783e+00
1.245322347881255176e+00
1.259057955530342277e+00
1.269568935312140878e+00
1.275858443353161231e+00
1.281497954163033581e+00
1.290163371425226968e+00
1.294029554397850390e+00
1.306572868969440249e+00
1.315819996609240983e+00
1.319776856882525218e+00
1.330887929618188581e+00
1.331342124187104403e+00
1.345852152490980780e+00
1.350916945201769526e+00
1.369613183392547340e+00
1.380923771448745008e+00
1.384612654788586195e+00
1.398785234794436727e+00
1.406792288739766805e+00
1.411435718768086600e+00
1.431162719717038012e+00
1.448255355391990351e+00
1.455109658239438941e+00
1.466214907733238260e+00
1.472760048830176194e+00
1.491400000779832480e+00
1.501259964509770617e+00
1.513221341952067256e+00
1.525226234749186505e+00
1.533027974471229404e+00
1.547612574360147430e+00
1.561381452654708069e+00
1.579484982737836996e+00
1.588539454047602995e+00
1.598877891247856287e+00
1.613177166253942030e+00
1.617384137756115559e+00
1.629045080259962752e+00
1.633576230040974409e+00
1.653687260829763028e+00
1.658888922713827485e+00
1.671236310586132534e+00
1.681311736311915883e+00
1.695241262343450073e+00
1.707910326828439018e+00
1.712777844642823233e+00
1.737735226528600574e+00
1.745705150366064551e+00
1.755239563522711821e+00
1.765458877215533740e+00
1.776085528168731997e+00
1.794570798048770177e+00
1.813800935523921298e+00
1.826784314295005540e+00
1.840442364049287960e+00
1.851986903062722067e+00
1.886109626157524755e+00
1.887671811151078627e+00
1.909342004645015800e+00
1.917890897564055175e+00
1.928053181339000499e+00
1.945593317404744171e+00
1.951850394731713401e+00
1.958331186182183048e+00
1.973311523498492592e+00
2.013563360475838504e+00
2.033884134488824991e+00
2.042045104450054271e+00
2.083612553659399680e+00
2.116147898191283350e+00
2.143749634936930271e+00
2.185615845112297340e+00
2.203716889307735904e+00
2.221392716710973048e+00
2.238147175461674188e+00
2.251028895171746758e+00
2.271181181355069523e+00
2.286236297783632576e+00
2.317545188811298118e+00
2.347639338854928592e+00
2.360568291607888280e+00
2.380742329514516253e+00
2.389879575609627160e+00
2.409285266874772180e+00
2.440797568964599318e+00
2.474815061572046115e+00
2.486701981283759633e+00
2.492388573365458271e+00
2.499526055095927290e+00
2.523790173470757292e+00
2.543948985971897780e+00
2.548904640864350757e+00
2.561854014509883815e+00
2.581339853086983105e+00
2.590195970894049182e+00
2.599153141989860583e+00
2.614078291130638831e+00
2.631743420392835819e+00
2.637060874503541985e+00
2.655284114060473488e+00
2.667005717810455590e+00
2.680096303567589544e+00
2.711520457847804710e+00
2.733168619988452619e+00
2.748380749862375350e+00
2.759642260699037397e+00
2.775385278344427054e+00
2.783128650949974414e+00
2.806562902615191479e+00
2.819198311483871233e+00
2.831107184861930026e+00
2.847964757820069082e+00
2.872330156781102595e+00
2.888988044415463197e+00
2.896724604343194454e+00
2.908308284446558645e+00
2.927838641825695642e+00
2.953626307708877796e+00
2.968273964438483681e+00
2.973546928632146535e+00
2.995817237233403763e+00
3.003812703482399371e+00
3.011220431376640860e+00
3.020427757128806068e+00
3.022658784523492237e+00
3.036064841597077901e+00
3.040759162519860226e+00
3.044708553740363310e+00
3.049744731787626950e+00
3.062255185356498988e+00
3.070768611297553630e+00
3.080789162723124530e+00
3.086483376128233758e+00
3.106782345951062840e+00
3.113181046051709089e+00
3.126717479958067258e+00
3.131734184135014143e+00
3.137012953400047710e+00
3.144841210180320701e+00
3.159387725770318234e+00
3.177298267772785678e+00
3.181094808244493866e+00
3.187026629945538758e+00
3.201007655496848070e+00
3.208855602069115243e+00
3.216938797627951985e+00
3.226492637560456345e+00
3.234512733648274185e+00
3.240543804175349596e+00
3.247658698317877679e+00
3.256313670317161790e+00
3.274204996432207082e+00
3.279071408186023717e+00
3.292210245400452262e+00
3.294959002196727660e+00
3.310716693015837819e+00
3.323731387643670043e+00
3.328181465762424907e+00
3.341714123741271969e+00
3.348883190699085244e+00
3.372739983863039193e+00
3.394155801339129752e+00
3.402086540370382828e+00
3.406372073569153613e+00
3.410629722270177133e+00
3.421903202469207095e+00
3.459065889545700045e+00
3.467734073904928049e+00
3.478830681491117183e+00
3.500487186946075191e+00
3.507366302306879291e+00
3.534948177576076489e+00
3.548208247929437675e+00
3.551524129657124274e+00
3.555311336262609423e+00
3.562278043245181269e+00
3.576141821962905087e+00
3.606823671395390729e+00
3.627951210046675090e+00
3.629838863075525168e+00
3.661993414080865872e+00
3.677447807337394625e+00
3.684981969274109925e+00
3.700782938835624147e+00
3.710350411306854390e+00
3.712043711367246424e+00
3.748945851903008997e+00
3.753290900906181449e+00
3.772939609334090783e+00
3.780538483656017412e+00
3.798051400490117580e+00
3.798370653320171542e+00
3.815816276391775563e+00
3.834196051417704698e+00
3.867570029781882912e+00
3.894725233576442847e+00
3.936856337311586351e+00
3.965577409906024364e+00
3.994498622943471577e+00
3.994944265202998945e+00
3.999133029689651675e+00
4.030729135718182476e+00
4.058263925149903528e+00
4.061247544851723568e+00
4.064600068936393917e+00
4.109651217383023081e+00
4.140573322936599077e+00
4.288570138208325666e+00
4.356717586374503348e+00
4.391817804087890131e+00
4.419362290924350845e+00
4.486610959459680359e+00
