5.599999999999999645e+00
-2.951762930824574749e+00
-2.878096813417192479e+00
-2.863988671616663151e+00
-2.773839281985866378e+00
-2.735272742746763353e+00
-2.730654821602776838e+00
-2.721522459760745249e+00
-2.714986433286823875e+00
-2.713518626439287651e+00
-2.700183282988855460e+00
-2.677856483265662391e+00
-2.665871578700077738e+00
-2.649097860552303452e+00
-2.645770313109780059e+00
-2.643481932997205686e+00
-2.628822670617958490e+00
-2.625263976695460411e+00
-2.623686773628866042e+00
-2.620612922821227819e+00
-2.606757474177681999e+00
-2.605176409750456834e+00
-2.573518749314008591e+00
-2.561572105649451370e+00
-2.548738050472507677e+00
-2.535402915949862113e+00
-2.521998153586137992e+00
-2.511411723574802579e+00
-2.507522369215285263e+00
-2.503355032423066451e+00
-2.496709630319088546e+00
-2.481920309097978894e+00
-2.468463073147586506e+00
-2.452100154241303009e+00
-2.449111428821078462e+00
-2.446421471414084170e+00
-2.440567460590145732e+00
-2.429707546825722542e+00
-2.417732004526651046e+00
-2.412770438551894880e+00
-2.390967286363094413e+00
-2.385832341742461171e+00
-2.379811548938762122e+00
-2.373410501212688040e+00
-2.358946487861473429e+00
-2.354548324565204354e+00
-2.347024763512454815e+00
-2.342758970687493836e+00
-2.333591102811519047e+00
-2.324123442734222778e+00
-2.313418884969594913e+00
-2.300073981649934041e+00
-2.298591742087013223e+00
-2.273505655242630485e+00
-2.266958589942510649e+00
-2.264576376869679830e+00
-2.256818810171999701e+00
-2.251264754242332966e+00
-2.243306597657823698e+00
-2.235316971072738301e+00
-2.226649245798819177e+00
-2.220952710301018040e+00
-2.215352118909597490e+00
-2.200560448765441990e+00
-2.194899113796562773e+00
-2.191717492587193394e+00
-2.188142025542680447e+00
-2.184558609909577065e+00
-2.173039994643482409e+00
-2.168166806282453063e+00
-2.163918455119085760e+00
-2.155199703819228318e+00
-2.139144775261283105e+00
-2.132885255843556038e+00
-2.128221087724357030e+00
-2.120484274080027376e+00
-2.114089811293176524e+00
-2.104464221462237106e+00
-2.099703167866086240e+00
-2.083435018492016955e+00
-2.078167173004575208e+00
-2.060349334586919046e+00
-2.052311478869123018e+00
-2.042849020592138576e+00
-2.032085950107749284e+00
-2.010433517929001379e+00
-2.006394662153130781e+00
-1.998547708668180656e+00
-1.992617257343045845e+00
-1.986454248020741220e+00
-1.975273090190282188e+00
-1.967656106085945211e+00
-1.960796337787011456e+00
-1.943045595696898831e+00
-1.934110113941446940e+00
-1.924236515005357973e+00
-1.914408754412182612e+00
-1.906444294306151921e+00
-1.903313332974917227e+00
-1.894887821185650578e+00
-1.887357538581325045e+00
-1.882394989273516117e+00
-1.865032479424142631e+00
-1.850178407283451509e+00
-1.831910941450473951e+00
-1.821965924354868260e+00
-1.814092159184234498e+00
-1.805474362229090524e+00
-1.784231739235363490e+00
-1.771813510085828103e+00
-1.753567714905335029e+00
-1.719628779322175838e+00
-1.716824676241590852e+00
-1.706806682462242319e+00
-1.683523771410778247e+00
-1.671511853722367213e+00
-1.655647831710191253e+00
-1.637651939581178606e+00
-1.617585966869115710e+00
-1.608990725372937636e+00
-1.597834278123295482e+00
-1.585104424657211020e+00
-1.570426376880755370e+00
-1.552454773353058703e+00
-1.540773798108362014e+00
-1.530404739001711478e+00
-1.514846250802553085e+00
-1.503716831625106165e+00
-1.493959178213073891e+00
-1.479508249184880331e+00
-1.473177927660687336e+00
-1.454316718935619202e+00
-1.449928264551807011e+00
-1.430694786893220716e+00
-1.427632476869770128e+00
-1.403822180592872337e+00
-1.380637744844838588e+00
-1.376096431791345553e+00
-1.338966854128005091e+00
-1.275586362852132893e+00
-1.261789633580124192e+00
-1.204062278956727905e+00
-1.130069277130308691e+00
-1.056474157225049337e+00
-9.868376297852744505e-01
-9.342611689976624278e-01
-9.131100967052592221e-01
-9.044071282754809760e-01
-8.675612583264930011e-01
-8.596672443607635827e-01
-8.352507775463010598e-01
-8.248474031992010236e-01
-8.143783168780445170e-01
-7.995927704701282224e-01
-7.821266773407907769e-01
-7.728114559410502737e-01
-7.513304036393424479e-01
-7.473371124805843202e-01
-7.301122159503717901e-01
-7.211185283590523243e-01
-7.117773405847617196e-01
-7.046342439408653791e-01
-6.929031851655086394e-01
-6.826049784237203655e-01
-6.727340176386341630e-01
-6.667191024192087312e-01
-6.558767492481862860e-01
-6.512077265330410425e-01
-6.428433230532089038e-01
-6.395409956397420936e-01
-6.313855280971005790e-01
-6.192870600890980626e-01
-6.135535219902777948e-01
-6.063078976435892775e-01
-5.892526290432240632e-01
-5.802770982770972807e-01
-5.733325514195170003e-01
-5.680831387156541901e-01
-5.600076765112983468e-01
-5.573250458832055276e-01
-5.498085184683420001e-01
-5.395311373738791438e-01
-5.322731187869079728e-01
-5.266269713706340783e-01
-5.185487224590275002e-01
-5.123051985299704736e-01
-5.053868937300981523e-01
-4.952601575298641867e-01
-4.886879308407201528e-01
-4.756207674741069202e-01
-4.699565784458065720e-01
-4.635038997787196413e-01
-4.486032998547161976e-01
-4.413907016324126742e-01
-4.310473779133221495e-01
-4.280837304527853049e-01
-4.189294589860241835e-01
-4.166827017962182467e-01
-4.056725379370186846e-01
-3.992867195265127345e-01
-3.961493064630420280e-01
-3.930857994038151060e-01
-3.862888487390446213e-01
-3.729186194230857954e-01
-3.638062452076933351e-01
-3.532065120087723442e-01
-3.465127311546103428e-01
-3.357716481676401021e-01
-3.310013338699316354e-01
-3.223894323674072471e-01
-3.123744153425120351e-01
-3.070592113496939946e-01
-2.943162222985045706e-01
-2.809060650799172776e-01
-2.736607380618655827e-01
-2.654394884778067398e-01
-2.477263290636401438e-01
-2.404400605182685779e-01
-2.315207985448196060e-01
-2.209050775956734047e-01
-2.133745192872964214e-01
-2.065667859432143982e-01
-1.956044239170209864e-01
-1.886380308610212664e-01
-1.804287498475312668e-01
-1.690875291949997528e-01
-1.644478359636135090e-01
-1.533704618745116155e-01
-1.401591380697662648e-01
-1.329746906934647088e-01
-1.164892935419933467e-01
-1.107869067256869178e-01
-9.407653029674319101e-02
-8.949438756647269677e-02
-8.276589701216485739e-02
-7.383616496456914258e-02
-6.122142440093127080e-02
-5.292451511315288126e-02
-5.118559644730606706e-02
-3.882834087462268269e-02
-3.158827048980190899e-02
-2.315307104414948344e-02
-1.691630576094293320e-02
-1.187600295761391360e-02
-6.807677084944841785e-03
6.073722883281725687e-03
1.159422421423493034e-02
1.675662061658691332e-02
2.824803777499415927e-02
3.343649309650940232e-02
4.076317762997799105e-02
5.045853457360600924e-02
6.556933583013499489e-02
6.893302806140905181e-02
7.432951639063363480e-02
7.927068364247481791e-02
8.673075203978901360e-02
1.011495750463776572e-01
1.182878570514004218e-01
1.265144453328383434e-01
1.301225371591636648e-01
1.408603576536458513e-01
1.556981766580460280e-01
1.707383461167327476e-01
1.766230620835771148e-01
1.853202325601546185e-01
1.973066894143544192e-01
2.081929637521027776e-01
2.199593509392503421e-01
2.245827898822125301e-01
2.304551106686240081e-01
2.414027059213658677e-01
2.461395826329350056e-01
2.546223291205090833e-01
2.596764533527065599e-01
2.693420375827234592e-01
2.804462713664270801e-01
2.920231012149087091e-01
3.042861824755269118e-01
3.119573326403385916e-01
3.193636216023417185e-01
3.240414768174642024e-01
3.294164140496617654e-01
3.357089661091385291e-01
3.427360029197253355e-01
3.534390404851400214e-01
3.624314726851742829e-01
3.707156152953164918e-01
3.841724174637266565e-01
3.881975103296659846e-01
3.994393688881872073e-01
4.017903041124140096e-01
4.075327590405285472e-01
4.161992783119641826e-01
4.233362181172777849e-01
4.314760705298253951e-01
4.379110408321878478e-01
4.407515930210689770e-01
4.531422760673231576e-01
4.549471720240061412e-01
4.644257927345665782e-01
4.746221946361728339e-01
4.799395506121623689e-01
4.911938067548989317e-01
4.994145431172344329e-01
5.061175234200151474e-01
5.136258701502668389e-01
5.159921189652312279e-01
5.208315259506480777e-01
5.284562899010935011e-01
5.380057591827995811e-01
5.454581572968537628e-01
5.565869688926741166e-01
5.645421528770278030e-01
5.710270191226280989e-01
5.750813683657794995e-01
5.849260936502143071e-01
5.932344281027736033e-01
5.991255866420005516e-01
6.049268178495925685e-01
6.133190959735749237e-01
6.177077117545761720e-01
6.320738178613525271e-01
6.348019734056538077e-01
6.443904663146045042e-01
6.542791689734192007e-01
6.584348366754270154e-01
6.669032138180767122e-01
6.723222165501889780e-01
6.812068354227815981e-01
6.903808374861258867e-01
6.963386697321826135e-01
7.063185788124179965e-01
7.133063217486148577e-01
7.164492975391671958e-01
7.227252732164588522e-01
7.322169995243016372e-01
7.377429724547140966e-01
7.431230202362029136e-01
7.496763283689813484e-01
7.639911000636762095e-01
7.728743326344266196e-01
7.740272182636979137e-01
7.793855327445451397e-01
7.882270122869019513e-01
7.946410297217113561e-01
8.081551300522629155e-01
8.157405352647284502e-01
8.221210940875843809e-01
8.275761270022380378e-01
8.367158610665548224e-01
8.437230714734541559e-01
8.522737677566636361e-01
8.628557662859879240e-01
8.712779130659185078e-01
8.728500097410730740e-01
8.815187734649007067e-01
8.860605820794293930e-01
8.954514267102618996e-01
9.003456478862640333e-01
9.070266774551465350e-01
9.168465598819836027e-01
9.251638036863526482e-01
9.284889078560493170e-01
9.372964650747809268e-01
9.395675485191423704e-01
9.517464751679206580e-01
9.590264000427617397e-01
9.670566801589427497e-01
9.797953652477043862e-01
9.846451651366363578e-01
9.920237698730677289e-01
9.994044659787995055e-01
1.009183123339506549e+00
1.016786203579572279e+00
1.021344261234286899e+00
1.026363053674948400e+00
1.031818824134876023e+00
1.044014012749844733e+00
1.052528402044736966e+00
1.058196136980076307e+00
1.061759026434054842e+00
1.067156322258759671e+00
1.078966270630909774e+00
1.094781709909119716e+00
1.097970494812643416e+00
1.106123063495433989e+00
1.109834367492714025e+00
1.121304018316396256e+00
1.128288265101121013e+00
1.140983094305572543e+00
1.147969333954354632e+00
1.152956745718487941e+00
1.158795473547751032e+00
1.164667626237872566e+00
1.169721200479284517e+00
1.175529856533796158e+00
1.180621221760892681e+00
1.191226451178290846e+00
1.204272030123279436e+00
1.211585819609394488e+00
1.220638070996957314e+00
1.226978849729175813e+00
1.231057932832772650e+00
1.242581094269727293e+00
1.249005211552612016e+00
1.250875118009852738e+00
1.264440458430122760e+00
1.271049308484002438e+00
1.284187241331241180e+00
1.292087011808932928e+00
1.299036616280002887e+00
1.310605392206577680e+00
1.315793473665136659e+00
1.329442321398313753e+00
1.338381815380566220e+00
1.343233100673737468e+00
1.349582115725254994e+00
1.357657957283572747e+00
1.364480851242477533e+00
1.369940309572047710e+00
1.380565465899960431e+00
1.384661173878274365e+00
1.393187448326580258e+00
1.399638537930132598e+00
1.403217878356816994e+00
1.413991054965803906e+00
1.424726765851624721e+00
1.437422951228814139e+00
1.444798670540860419e+00
1.450479687542435059e+00
1.458767963169834925e+00
1.466766723581498733e+00
1.477511563343442358e+00
1.487314525139143306e+00
1.494170742341171865e+00
1.502584183215604829e+00
1.511623350914340413e+00
1.525440845166955661e+00
1.532430739674064402e+00
1.539645587626583545e+00
1.549610445741351539e+00
1.559628782585535944e+00
1.569284331859520654e+00
1.580316105604331112e+00
1.586855219760649804e+00
1.592356648506667582e+00
1.600215280064480661e+00
1.607994468466165561e+00
1.614164067861809437e+00
1.620034098866155903e+00
1.633487499258832631e+00
1.637998202898186983e+00
1.653266923167526548e+00
1.659202234955108990e+00
1.663234120126792615e+00
1.674925301616161155e+00
1.683791632582748443e+00
1.694501266116209770e+00
1.708471015312033936e+00
1.715103389184094329e+00
1.721387612422589974e+00
1.730652658524237886e+00
1.737260246086340221e+00
1.744978398205174974e+00
1.754358101617042864e+00
1.776958375532330381e+00
1.781772696987609761e+00
1.792691323939934467e+00
1.798382567972002022e+00
1.803557362808910103e+00
1.813041211567442579e+00
1.816529083654742971e+00
1.821635677404940923e+00
1.842219808400449743e+00
1.850671166859256145e+00
1.855710344420961277e+00
1.864111389017541143e+00
1.875082405872217972e+00
1.880173107042036884e+00
1.882786480313506816e+00
1.890277236685922180e+00
1.903074146357274454e+00
1.910154575918916020e+00
1.914766198484506132e+00
1.918713886612888775e+00
1.928190069989599964e+00
1.933619218120560035e+00
1.938539594280547673e+00
1.950126279587951261e+00
1.961745160036594715e+00
1.970351807590190907e+00
1.978835420876639883e+00
1.983160129976502262e+00
2.001539825492323565e+00
2.005397124034303591e+00
2.011024339830396634e+00
2.019055826657467190e+00
2.027374735357735158e+00
2.030508219712095830e+00
2.034519639857805817e+00
2.048201915908308912e+00
2.056073132306446727e+00
2.062222048597787794e+00
2.079989786243485295e+00
2.084097674280196433e+00
2.093687710711940042e+00
2.101247763035559490e+00
2.110442084912613758e+00
2.122048856089465918e+00
2.133025967167369696e+00
2.139382282588728312e+00
2.151094804194765064e+00
2.154797403614815199e+00
2.170235548198231168e+00
2.182912049288535439e+00
2.190110369210988672e+00
2.197393671991405117e+00
2.209784850636595355e+00
2.219139402927653215e+00
2.238527434657505477e+00
2.240024243143964533e+00
2.246776171870154215e+00
2.256881995414811382e+00
2.268223470849568546e+00
2.280272065477467081e+00
2.295906154248249731e+00
2.305573421779314902e+00
2.311645927523005017e+00
2.318358905280144988e+00
2.326319533025975606e+00
2.339433072588801732e+00
2.342787526868798320e+00
2.350523367136739150e+00
2.370022565323251840e+00
2.389914451512161087e+00
2.398486755767181400e+00
2.423637732134325873e+00
2.431972278986358038e+00
2.448829875909194875e+00
2.483905965974284591e+00
2.498614384034686164e+00
2.536227284802401005e+00
2.545120947332984773e+00
2.613131811667716686e+00
2.620955149559606401e+00
2.693091196626282713e+00
2.773971694158012369e+00
2.809094741192512679e+00
2.848990619493836363e+00
2.881911773269205668e+00
2.907206160849483023e+00
2.925670279442559085e+00
2.960370132651663155e+00
2.980585925126880475e+00
2.994290053332208768e+00
3.015874928871709493e+00
3.025684413026791031e+00
3.039575878141886012e+00
3.056155168353554163e+00
3.075767983739522649e+00
3.079701147232822844e+00
3.094085189884713927e+00
3.115327511790967563e+00
3.125386188111294761e+00
3.136035451118581285e+00
3.152073349412621184e+00
3.169075069917228760e+00
3.184680951014012162e+00
3.197223966294978847e+00
3.227712512191287964e+00
3.239441026478491636e+00
3.277616785273033351e+00
3.296204220568879073e+00
3.303159022687033985e+00
3.322643956220224126e+00
3.339643069660886976e+00
3.358966843174094663e+00
3.376478865061617540e+00
3.383160540129503957e+00
3.398514474987456957e+00
3.418017751506573276e+00
3.426345058395505294e+00
3.441326086424590258e+00
3.451943943478528176e+00
3.458490095393468966e+00
3.465232282030651145e+00
3.472643856152094699e+00
3.492018546816081592e+00
3.502639736353621025e+00
3.511534592083111139e+00
3.518108865175930688e+00
3.529717125981907344e+00
3.534829198329883848e+00
3.537791879981154519e+00
3.551907511244781102e+00
3.563050375221928245e+00
3.575317727490519015e+00
3.588241670342823930e+00
3.593068724790717372e+00
3.615046130720351858e+00
3.632326204409848547e+00
3.639160455613489997e+00
3.646142040261272310e+00
3.653015757581405065e+00
3.658820864996871425e+00
3.670262229176009861e+00
3.686620659942939859e+00
3.698523165114821598e+00
3.702914869184256386e+00
3.705813079490575923e+00
3.718128280800506946e+00
3.726329433800866120e+00
3.729855093384286224e+00
3.737004043395655728e+00
3.748410106098335692e+00
3.754260035501542525e+00
3.779378300982723982e+00
3.787401029092131832e+00
3.792310102548035022e+00
3.800932515418339541e+00
3.809275248364268229e+00
3.815983185486343743e+00
3.827873578068228699e+00
3.835906420635789793e+00
3.860374617434734201e+00
3.882315018199915091e+00
3.889434668315491894e+00
3.895121876229139968e+00
3.902907764768721144e+00
3.913075216315891058e+00
3.917479542781016733e+00
3.924720462835073143e+00
3.934090188712250580e+00
3.943598010899409090e+00
3.951939702940609145e+00
3.961502655482348256e+00
3.983129185028775776e+00
3.984144456004954815e+00
3.986144495026343382e+00
3.993204203283360787e+00
4.019863669504930570e+00
4.021879612206285870e+00
4.023475947129656838e+00
4.045976063880166507e+00
4.064670556585206818e+00
4.098773426775277784e+00
4.104751348891896079e+00
4.112881070117646587e+00
4.116240372393352054e+00
4.127023275658468826e+00
4.128394807921293541e+00
4.128988563206282159e+00
4.147092365278627568e+00
4.164885051098136337e+00
4.169966291346609566e+00
4.199223219689604214e+00
4.214992462267214357e+00
4.226027040022307446e+00
4.229357816464093922e+00
4.235105786384421478e+00
4.240139630803169801e+00
4.256586810411191024e+00
4.261089373167160410e+00
4.261873892251164975e+00
4.271709599517555134e+00
4.282353102314690574e+00
4.282525256062648999e+00
4.342310844379270840e+00
4.360835082332623180e+00
4.363170459847758309e+00
4.376600403957628060e+00
4.387799203459575637e+00
4.399901503113569312e+00
4.402420301092733190e+00
4.431469306538979858e+00
4.436556295388283999e+00
4.468063811753642867e+00
4.469533482152387549e+00
4.486391524894684402e+00
4.511105235647563383e+00
4.520513746685448808e+00
4.556530479140159962e+00
4.561773010144682949e+00
4.610853556912242190e+00
4.633478570128874985e+00
4.723119956557998655e+00
4.737718902470732019e+00
4.784786346741920937e+00
4.800779541772307368e+00
