4.71238898038469
5.497787143782138
6.938893903907228e-18
3.926990816987241
4.71238898038469
0.7853981633974484
3.9269908169872414
3.141592653589793
1.5707963267948966
5.497787143782138
2.356194490192345
1.5707963267948966
0.7853981633974483
6.938893903907224e-18
2.356194490192345
3.141592653589793
5.497787143782138
4.71238898038469
3.141592653589793
3.9269908169872414
6.283185307179586
3.9269908169872414
3.141592653589793
4.71238898038469
2.3561944901923453
0.7853981633974482
1.5707963267948966
5.497787143782138
6.283185307179586
0.7853981633974483
2.356194490192345
1.5707963267948966
2.356194490192345
3.141592653589793
3.9269908169872414
4.71238898038469
4.71238898038469
3.9269908169872414
5.497787143782138
3.141592653589793
6.283185307179586
5.497787143782138
4.71238898038469
6.283185307179586
0.7853981633974482
2.356194490192345
1.5707963267948966
3.9269908169872414
5.497787143782138
3.141592653589793
2.356194490192345
1.5707963267948966
0.7853981633974483
0.0
5.497787143782138
4.71238898038469
3.9269908169872414
3.141592653589793
8.673617379884035e-19
2.356194490192345
1.5707963267948966
0.7853981633974484
0.7853981633974483
5.551115123125778e-17
1.5707963267948966
2.356194490192345
3.141592653589793
3.9269908169872414
5.497787143782138
4.71238898038469
0.0
0.7853981633974483
1.5707963267948966
2.356194490192345
4.71238898038469
5.497787143782138
1.5707963267948966
3.9269908169872414
3.141592653589793
6.283185307179586
0.7853981633974483
6.283185307179586
3.141592653589793
0.7853981633974484
1.5707963267948966
3.926990816987241
2.356194490192345
5.497787143782138
4.71238898038469
1.5707963267948966
2.356194490192345
4.71238898038469
3.926990816987241
3.141592653589793
5.497787143782138
4.71238898038469
5.497787143782138
0.7853981633974482
3.141592653589793
3.9269908169872414
1.5707963267948966
2.356194490192345
6.283185307179586
3.469446951953615e-18
0.7853981633974482
5.551115123125785e-17
0.7853981633974484
5.497787143782138
3.9269908169872414
3.141592653589793
1.5707963267948966
4.71238898038469
2.356194490192345
2.356194490192345
1.5707963267948966
3.141592653589793
0.7853981633974483
3.9269908169872414
4.163336342344338e-17
4.71238898038469
2.356194490192345
5.497787143782138
3.141592653589793
1.5707963267948966
4.71238898038469
5.497787143782138
3.926990816987241
6.283185307179586
0.7853981633974484
1.5707963267948966
3.141592653589793
2.356194490192345
6.283185307179586
5.497787143782138
0.7853981633974483
4.71238898038469
3.926990816987241
1.5707963267948966
2.356194490192345
3.141592653589793
3.9269908169872414
3.141592653589793
2.356194490192345
4.71238898038469
3.9269908169872414
0.7853981633974482
5.497787143782138
1.5707963267948966
6.283185307179586
0.7853981633974484
4.71238898038469
1.5707963267948966
2.356194490192345
3.141592653589793
3.9269908169872414
0.7853981633974482
5.497787143782138
6.283185307179586
4.71238898038469
5.497787143782138
3.141592653589793
0.0
2.356194490192345
1.5707963267948966
0.7853981633974485
3.141592653589793
6.283185307179586
3.9269908169872414
0.7853981633974483
2.3561944901923453
1.5707963267948966
5.497787143782138
4.71238898038469
1.5707963267948966
2.356194490192345
3.141592653589793
4.71238898038469
3.9269908169872414
0.7853981633974483
5.497787143782138
3.9269908169872414
6.283185307179586
3.141592653589793
3.9269908169872414
4.71238898038469
5.497787143782138
2.356194490192345
0.0
0.7853981633974483
0.0
3.9269908169872414
4.71238898038469
1.5707963267948966
5.497787143782138
0.7853981633974483
3.141592653589793
2.356194490192345
1.5707963267948966
2.356194490192345
3.141592653589793
5.497787143782138
4.71238898038469
3.9269908169872414
6.283185307179586
1.5707963267948966
0.7853981633974483
2.356194490192345
1.3877787807814441e-17
3.141592653589793
1.5707963267948966
3.9269908169872414
0.7853981633974483
4.71238898038469
5.497787143782138
2.356194490192345
0.7853981633974483
6.283185307179586
1.5707963267948966
3.141592653589793
5.497787143782138
4.71238898038469
3.9269908169872414
3.4694469519536134e-18
0.7853981633974484
1.5707963267948966
5.497787143782138
4.71238898038469
2.356194490192345
3.141592653589793
3.9269908169872414
1.5707963267948966
0.7853981633974483
0.0
5.497787143782138
4.71238898038469
2.356194490192345
3.141592653589793
3.9269908169872414
4.71238898038469
4.71238898038469
3.9269908169872414
5.497787143782138
1.5707963267948966
2.356194490192345
3.141592653589793
0.7853981633974483
6.283185307179586
0.7853981633974484
4.71238898038469
1.5707963267948966
4.163336342344341e-17
3.926990816987242
2.356194490192345
3.141592653589793
5.497787143782138
0.0
5.497787143782138
3.141592653589793
2.356194490192345
3.9269908169872414
4.71238898038469
0.7853981633974483
1.5707963267948966
5.497787143782138
2.356194490192345
4.71238898038469
1.5707963267948966
3.141592653589793
0.0
3.9269908169872414
0.7853981633974485
1.5707963267948966
0.7853981633974483
5.497787143782138
6.938893903907235e-17
4.71238898038469
5.497787143782138
2.3561944901923453
3.9269908169872414
3.141592653589793
6.283185307179586
3.9269908169872414
0.7853981633974484
4.71238898038469
4.71238898038469
5.497787143782138
3.9269908169872414
1.5707963267948966
0.0
3.141592653589793
1.5707963267948966
2.356194490192345
3.141592653589793
2.356194490192345
2.3561944901923453
3.926990816987241
0.7853981633974484
3.141592653589793
1.5707963267948966
4.71238898038469
1.5707963267948966
0.7853981633974483
5.497787143782138
3.141592653589793
6.283185307179586
5.497787143782138
2.356194490192345
2.356194490192345
1.387778780781445e-17
1.5707963267948966
3.926990816987241
0.7853981633974483
4.71238898038469
3.9269908169872414
0.7853981633974484
8.32667268468867e-17
1.5707963267948966
5.497787143782138
2.356194490192345
3.141592653589793
0.7853981633974483
4.71238898038469
3.141592653589793
5.497787143782138
3.9269908169872414
2.356194490192345
6.283185307179586
5.497787143782138
1.5707963267948966
4.71238898038469
4.71238898038469
5.497787143782138
0.7853981633974483
3.141592653589793
3.9269908169872414
6.283185307179586
3.9269908169872414
2.77555756156289e-17
5.497787143782138
0.7853981633974485
2.356194490192345
4.71238898038469
1.5707963267948966
3.141592653589793
2.7755575615628895e-17
3.141592653589793
1.5707963267948966
4.71238898038469
2.356194490192345
0.7853981633974483
5.497787143782138
6.283185307179586
3.9269908169872414
2.7755575615628907e-17
3.9269908169872414
3.141592653589793
0.7853981633974483
5.497787143782138
4.71238898038469
4.71238898038469
1.5707963267948966
5.497787143782138
7.806255641895629e-18
2.356194490192345
3.9269908169872414
5.497787143782138
3.141592653589793
4.71238898038469
0.7853981633974483
3.141592653589793
2.3561944901923453
5.497787143782138
1.5707963267948966
6.283185307179586
0.7853981633974483
3.9269908169872414
4.71238898038469
0.7853981633974483
3.9269908169872414
1.5707963267948966
2.7755575615628926e-17
2.356194490192345
2.356194490192345
5.497787143782138
6.283185307179586
3.141592653589793
5.497787143782138
0.7853981633974483
1.5707963267948966
4.71238898038469
1.5707963267948966
3.141592653589793
0.7853981633974483
3.9269908169872414
2.356194490192345
2.356194490192345
3.141592653589793
2.356194490192345
1.5707963267948966
3.141592653589793
6.283185307179586
1.5707963267948966
3.9269908169872414
5.497787143782138
4.71238898038469
4.71238898038469
0.7853981633974483
3.9269908169872414
0.0
3.141592653589793
3.9269908169872414
2.356194490192345
5.497787143782138
4.71238898038469
6.283185307179586
5.497787143782138
0.7853981633974483
1.5707963267948966
0.7853981633974482
3.9269908169872414
6.283185307179586
3.141592653589793
1.5707963267948966
4.71238898038469
2.356194490192345
5.497787143782138
1.5707963267948966
0.7853981633974484
4.71238898038469
3.9269908169872414
2.356194490192345
3.141592653589793
5.497787143782138
0.0
5.497787143782138
3.141592653589793
2.356194490192345
3.9269908169872414
2.775557561562892e-17
1.5707963267948966
4.71238898038469
0.7853981633974485
6.283185307179586
0.7853981633974485
3.141592653589793
2.356194490192345
1.5707963267948966
5.497787143782138
3.9269908169872414
4.71238898038469
4.71238898038469
3.9269908169872414
3.141592653589793
2.356194490192345
4.71238898038469
5.497787143782138
6.283185307179586
0.7853981633974483
1.5707963267948966
3.9269908169872414
3.141592653589793
2.356194490192345
4.71238898038469
5.497787143782138
1.5707963267948966
0.7853981633974484
0.0
3.9269908169872414
4.71238898038469
5.497787143782138
3.141592653589793
1.5707963267948966
1.3877787807814457e-17
0.7853981633974482
2.356194490192345
5.497787143782138
4.71238898038469
0.7853981633974484
3.9269908169872414
1.5707963267948966
3.141592653589793
4.1633363423443315e-17
2.356194490192345
0.7853981633974483
1.5707963267948966
1.0408340855860846e-17
3.9269908169872414
4.71238898038469
5.497787143782138
3.141592653589793
2.3561944901923453
1.5707963267948966
2.356194490192345
3.141592653589793
0.7853981633974484
5.497787143782138
1.5707963267948966
4.71238898038469
3.9269908169872414
0.0
0.7853981633974483
6.283185307179586
2.3561944901923453
5.497787143782138
4.71238898038469
3.9269908169872414
3.141592653589793
5.551115123125784e-17
3.9269908169872414
5.497787143782138
0.7853981633974483
3.9269908169872414
4.71238898038469
3.141592653589793
2.356194490192345
1.5707963267948966
4.71238898038469
5.497787143782138
1.5707963267948966
2.356194490192345
0.7853981633974483
3.9269908169872414
6.283185307179586
3.141592653589793
0.7853981633974482
1.5707963267948966
2.356194490192345
1.387778780781447e-17
3.141592653589793
5.497787143782138
4.71238898038469
8.32667268468868e-17
5.497787143782138
0.7853981633974483
3.9269908169872414
3.141592653589793
2.356194490192345
1.5707963267948966
4.71238898038469
0.7853981633974483
0.0
1.5707963267948966
5.497787143782138
0.7853981633974483
3.9269908169872414
4.71238898038469
2.356194490192345
3.141592653589793
3.9269908169872414
3.141592653589793
2.356194490192345
1.5707963267948966
3.926990816987241
4.71238898038469
0.7853981633974483
5.497787143782138
4.857225732735057e-17
2.356194490192345
3.141592653589793
1.5707963267948966
0.7853981633974482
6.283185307179586
3.926990816987241
5.497787143782138
4.71238898038469
1.5707963267948966
3.141592653589793
5.497787143782138
2.356194490192345
4.71238898038469
0.0
3.9269908169872414
0.7853981633974483
3.141592653589793
1.5707963267948966
2.356194490192345
2.356194490192345
4.71238898038469
1.5707963267948966
3.141592653589793
3.926990816987241
5.497787143782138
0.7853981633974483
6.283185307179586
0.7853981633974482
6.283185307179586
1.3877787807814466e-17
2.356194490192345
1.5707963267948966
3.9269908169872414
3.141592653589793
0.785398163397448
5.497787143782138
4.71238898038469
5.497787143782138
3.141592653589793
3.9269908169872414
4.71238898038469
2.356194490192345
1.5707963267948966
4.71238898038469
5.497787143782138
2.356194490192345
3.926990816987241
1.5707963267948966
0.7853981633974483
3.141592653589793
3.469446951953612e-17
0.7853981633974482
2.7755575615628907e-17
3.141592653589793
3.9269908169872414
1.5707963267948966
5.497787143782138
4.71238898038469
2.356194490192345
1.5707963267948966
0.7853981633974483
6.93889390390723e-18
4.71238898038469
5.497787143782138
3.9269908169872414
3.141592653589793
2.3561944901923453
1.5707963267948966
1.3877787807814466e-17
0.7853981633974485
0.7853981633974482
1.5707963267948966
2.356194490192345
6.283185307179586
3.141592653589793
3.9269908169872414
4.71238898038469
5.497787143782138
6.283185307179586
0.7853981633974483
1.5707963267948966
2.356194490192345
3.141592653589793
5.497787143782138
3.9269908169872414
1.5707963267948966
2.356194490192345
0.7853981633974482
6.283185307179586
4.71238898038469
5.497787143782138
1.387778780781446e-17
3.141592653589793
5.497787143782138
3.926990816987241
4.71238898038469
4.71238898038469
3.926990816987241
3.141592653589793
2.356194490192345
1.5707963267948966
2.356194490192345
0.7853981633974483
6.283185307179586
5.497787143782138
1.5707963267948966
0.7853981633974483
2.356194490192345
4.71238898038469
3.141592653589793
3.9269908169872414
4.1633363423443376e-17
3.926990816987241
3.141592653589793
4.71238898038469
5.497787143782138
3.141592653589793
2.356194490192345
0.0
0.7853981633974483
1.5707963267948966
2.356194490192345
5.497787143782138
1.5707963267948966
3.141592653589793
3.9269908169872414
0.7853981633974483
4.71238898038469
3.9269908169872414
0.0
5.497787143782138
4.71238898038469
