3.141592653589793
2.356194490192345
3.9269908169872414
1.5707963267948966
4.71238898038469
6.283185307179586
0.7853981633974483
3.141592653589793
3.9269908169872414
2.356194490192345
4.71238898038469
5.497787143782138
1.5707963267948966
6.283185307179586
0.7853981633974483
5.497787143782138
2.775557561562892e-17
3.141592653589793
3.9269908169872414
2.356194490192345
4.71238898038469
1.5707963267948966
5.497787143782138
0.0
0.7853981633974482
0.7853981633974485
3.141592653589793
1.5707963267948966
2.356194490192345
1.3877787807814444e-17
5.497787143782138
3.9269908169872414
4.71238898038469
2.356194490192345
1.5707963267948966
3.141592653589793
3.926990816987241
6.283185307179586
0.7853981633974482
4.71238898038469
5.497787143782138
3.141592653589793
3.9269908169872414
3.141592653589793
2.356194490192345
4.71238898038469
5.497787143782138
1.5707963267948966
2.356194490192345
2.4286128663675305e-17
0.7853981633974483
3.9269908169872414
1.5707963267948966
0.7853981633974483
0.0
2.356194490192345
5.497787143782138
3.141592653589793
4.71238898038469
3.926990816987241
1.5707963267948966
4.71238898038469
3.9269908169872414
5.497787143782138
7.480994990149967e-18
0.7853981633974483
3.141592653589793
1.5707963267948966
4.71238898038469
2.356194490192345
0.7853981633974485
3.141592653589793
3.9269908169872414
5.497787143782138
2.356194490192345
0.0
1.5707963267948966
4.71238898038469
0.7853981633974483
2.356194490192345
5.497787143782138
3.141592653589793
1.5707963267948966
2.3561944901923453
3.9269908169872414
0.7853981633974482
3.141592653589793
6.283185307179586
1.5707963267948966
3.9269908169872414
4.71238898038469
4.1633363423443364e-17
5.497787143782138
4.71238898038469
3.926990816987241
3.141592653589793
0.7853981633974482
0.0
2.356194490192345
4.71238898038469
5.497787143782138
1.3877787807814463e-17
1.5707963267948966
4.71238898038469
0.7853981633974483
5.497787143782138
3.926990816987241
5.497787143782138
3.141592653589793
6.283185307179586
0.7853981633974485
1.5707963267948966
2.356194490192345
2.356194490192345
1.5707963267948966
3.141592653589793
3.9269908169872414
0.7853981633974485
4.71238898038469
0.0
5.497787143782138
4.71238898038469
5.497787143782138
3.9269908169872414
1.387778780781446e-17
4.71238898038469
3.141592653589793
2.356194490192345
5.497787143782138
1.5707963267948966
0.7853981633974483
0.7853981633974484
3.9269908169872414
2.081668171172169e-17
1.5707963267948966
5.497787143782138
3.141592653589793
2.356194490192345
4.71238898038469
3.9269908169872414
3.141592653589793
2.356194490192345
1.5707963267948966
0.7853981633974484
6.283185307179586
3.9269908169872414
5.497787143782138
4.71238898038469
3.141592653589793
2.3561944901923453
4.71238898038469
1.5707963267948966
5.497787143782138
0.7853981633974485
1.3498317047444524e-17
3.9269908169872414
3.9269908169872414
3.141592653589793
4.71238898038469
2.356194490192345
3.141592653589793
1.5707963267948966
2.356194490192345
5.497787143782138
0.7853981633974483
0.0
1.5707963267948966
5.497787143782138
0.7853981633974483
4.71238898038469
1.0408340855860843e-17
3.9269908169872414
0.7853981633974483
1.5707963267948966
2.356194490192345
3.141592653589793
2.356194490192345
3.9269908169872414
4.71238898038469
1.5707963267948966
5.497787143782138
0.7853981633974483
6.283185307179586
3.141592653589793
0.7853981633974485
5.55111512312579e-17
2.3561944901923453
5.497787143782138
1.5707963267948966
4.71238898038469
3.141592653589793
3.9269908169872414
3.9269908169872414
3.141592653589793
4.71238898038469
5.497787143782138
0.7853981633974484
3.926990816987241
8.326672684688667e-17
2.356194490192345
3.141592653589793
4.71238898038469
1.5707963267948966
0.7853981633974483
6.938893903907228e-18
5.497787143782138
1.5707963267948966
2.3561944901923453
3.9269908169872414
4.71238898038469
3.141592653589793
0.7853981633974483
6.283185307179586
2.356194490192345
5.497787143782138
1.5707963267948966
6.283185307179586
5.497787143782138
0.7853981633974483
2.356194490192345
4.71238898038469
3.141592653589793
1.5707963267948966
0.7853981633974482
2.356194490192345
3.9269908169872414
0.0
1.5707963267948968
3.141592653589793
3.9269908169872414
5.497787143782138
4.71238898038469
1.7347234759768075e-18
0.7853981633974484
1.5707963267948966
5.497787143782138
3.141592653589793
2.356194490192345
3.926990816987241
4.71238898038469
0.7853981633974483
4.71238898038469
3.9269908169872414
5.497787143782138
3.9269908169872414
6.283185307179586
4.71238898038469
3.141592653589793
0.0
2.356194490192345
0.7853981633974485
1.5707963267948966
3.141592653589793
3.9269908169872414
2.356194490192345
5.497787143782138
3.141592653589793
4.71238898038469
1.5707963267948966
5.497787143782138
3.9269908169872414
3.141592653589793
0.7853981633974483
2.356194490192345
4.71238898038469
6.283185307179586
2.356194490192345
1.5707963267948966
5.497787143782138
5.497787143782138
1.5707963267948966
4.71238898038469
0.7853981633974483
6.283185307179586
1.5707963267948966
6.283185307179586
3.9269908169872414
0.7853981633974482
3.141592653589793
2.356194490192345
0.7853981633974485
3.141592653589793
2.356194490192345
1.5707963267948966
6.938893903907225e-18
5.497787143782138
3.9269908169872414
4.71238898038469
2.356194490192345
3.141592653589793
4.71238898038469
3.9269908169872414
1.5707963267948966
5.497787143782138
5.963111948670272e-18
0.7853981633974483
3.926990816987241
1.5707963267948966
4.71238898038469
5.497787143782138
0.7853981633974481
3.141592653589793
4.1633363423443376e-17
2.356194490192345
0.7853981633974483
3.469446951953611e-18
1.5707963267948966
0.7853981633974484
5.497787143782138
2.356194490192345
1.5707963267948966
1.7347234759768074e-17
3.141592653589793
3.9269908169872414
4.71238898038469
2.356194490192345
5.497787143782138
0.0
3.141592653589793
4.71238898038469
3.9269908169872414
5.497787143782138
4.71238898038469
3.141592653589793
1.3877787807814457e-17
5.497787143782138
0.7853981633974481
1.5707963267948966
0.7853981633974485
3.9269908169872414
4.71238898038469
2.356194490192345
1.5707963267948966
2.356194490192345
3.9269908169872414
6.283185307179586
0.7853981633974485
1.5707963267948966
3.141592653589793
4.71238898038469
2.356194490192345
5.497787143782138
3.141592653589793
3.9269908169872414
1.3877787807814441e-17
3.9269908169872414
3.141592653589793
5.497787143782138
2.356194490192345
4.71238898038469
3.141592653589793
1.5707963267948966
0.7853981633974483
6.283185307179586
3.926990816987241
2.356194490192345
1.5707963267948966
2.3561944901923453
4.71238898038469
3.9269908169872414
0.7853981633974483
1.5707963267948966
0.7853981633974483
5.497787143782138
4.1633363423443346e-17
3.141592653589793
4.71238898038469
5.497787143782138
3.9269908169872414
4.71238898038469
3.141592653589793
0.0
5.497787143782138
2.356194490192345
4.71238898038469
3.9269908169872414
3.141592653589793
1.2143064331837645e-17
1.5707963267948966
2.3561944901923453
5.497787143782138
0.7853981633974483
1.5707963267948966
5.2041704279304205e-18
0.7853981633974483
2.356194490192345
2.7755575615628914e-17
3.141592653589793
0.7853981633974485
5.497787143782138
4.71238898038469
1.5707963267948966
3.9269908169872414
0.7853981633974483
5.854691731421722e-18
5.497787143782138
1.5707963267948966
3.9269908169872414
4.71238898038469
3.141592653589793
2.356194490192345
4.71238898038469
3.9269908169872414
5.497787143782138
2.08166817117217e-17
1.5707963267948966
2.356194490192345
3.141592653589793
0.7853981633974483
2.3561944901923453
3.141592653589793
0.7853981633974482
3.9269908169872414
7.806255641895632e-18
1.5707963267948966
9.540979117872437e-18
0.7853981633974483
4.71238898038469
1.5707963267948966
5.497787143782138
5.497787143782138
1.5707963267948966
2.3561944901923453
0.0
4.71238898038469
2.356194490192345
0.7853981633974483
3.141592653589793
3.9269908169872414
5.497787143782138
1.5707963267948966
4.71238898038469
3.141592653589793
5.497787143782138
2.356194490192345
3.9269908169872414
3.141592653589793
1.5707963267948966
0.7853981633974484
2.356194490192345
0.0
3.141592653589793
4.71238898038469
1.387778780781446e-17
3.926990816987242
5.497787143782138
3.9269908169872414
4.71238898038469
0.7853981633974485
4.71238898038469
3.9269908169872414
2.3561944901923444
3.141592653589793
5.497787143782138
1.5707963267948966
0.7853981633974485
6.283185307179586
4.71238898038469
5.497787143782138
3.9269908169872414
3.141592653589793
1.5707963267948966
6.938893903907226e-17
3.9269908169872414
2.356194490192345
0.7853981633974485
1.5707963267948966
3.141592653589793
4.71238898038469
2.356194490192345
0.7853981633974483
5.497787143782138
6.283185307179586
1.5707963267948966
5.497787143782138
2.356194490192345
6.938893903907231e-18
0.7853981633974482
3.141592653589793
4.71238898038469
3.9269908169872414
2.356194490192345
1.5707963267948966
5.497787143782138
6.283185307179586
0.7853981633974483
1.5707963267948966
4.71238898038469
3.141592653589793
2.356194490192345
6.283185307179586
3.9269908169872414
0.7853981633974483
5.497787143782138
4.71238898038469
3.141592653589793
3.9269908169872414
3.9269908169872414
3.141592653589793
4.71238898038469
1.5707963267948966
5.497787143782138
2.356194490192345
0.0
0.7853981633974482
3.141592653589793
1.734723475976806e-18
0.7853981633974481
5.497787143782138
1.5707963267948966
4.71238898038469
3.9269908169872414
2.356194490192345
3.141592653589793
2.356194490192345
1.5707963267948966
0.7853981633974484
3.9269908169872414
6.283185307179586
4.71238898038469
0.7853981633974482
5.497787143782138
1.5707963267948966
6.283185307179586
0.7853981633974483
5.497787143782138
2.3561944901923453
1.5707963267948966
3.141592653589793
2.356194490192345
4.71238898038469
3.141592653589793
3.926990816987241
3.9269908169872414
9.242823520438913e-18
0.7853981633974483
5.497787143782138
1.5707963267948966
4.71238898038469
2.356194490192345
3.141592653589793
4.71238898038469
5.497787143782138
3.9269908169872414
6.283185307179586
0.7853981633974484
1.5707963267948966
2.356194490192345
3.141592653589793
3.9269908169872414
4.71238898038469
2.356194490192345
3.141592653589793
5.497787143782138
1.5707963267948966
6.283185307179586
3.9269908169872414
0.7853981633974483
0.7853981633974483
1.5707963267948966
5.497787143782138
2.356194490192345
3.141592653589793
4.71238898038469
0.0
3.9269908169872414
5.497787143782138
4.71238898038469
5.497787143782138
2.7755575615628907e-17
4.71238898038469
0.7853981633974484
3.9269908169872414
3.141592653589793
1.5707963267948966
2.356194490192345
2.356194490192345
1.5707963267948966
0.7853981633974486
1.387778780781445e-17
3.141592653589793
5.497787143782138
3.926990816987241
5.497787143782138
0.7853981633974485
4.71238898038469
1.5707963267948966
6.283185307179586
5.497787143782138
4.71238898038469
2.356194490192345
6.283185307179586
0.7853981633974482
3.141592653589793
3.9269908169872414
4.71238898038469
5.497787143782138
6.283185307179586
4.71238898038469
3.9269908169872414
1.5707963267948966
6.283185307179586
3.141592653589793
0.7853981633974483
3.9269908169872414
2.356194490192345
1.5707963267948966
3.141592653589793
5.497787143782138
2.356194490192345
0.7853981633974485
4.71238898038469
1.5707963267948966
0.0
2.356194490192345
5.497787143782138
3.9269908169872414
3.141592653589793
0.7853981633974483
2.356194490192345
4.71238898038469
1.5707963267948966
3.141592653589793
0.7853981633974483
1.6154612370034013e-17
5.497787143782138
3.9269908169872414
4.71238898038469
1.5707963267948966
3.9269908169872414
4.71238898038469
3.141592653589793
5.497787143782138
2.356194490192345
6.283185307179586
0.7853981633974483
1.5707963267948966
3.9269908169872414
0.7853981633974481
6.283185307179586
2.356194490192345
1.5707963267948966
5.497787143782138
4.71238898038469
2.356194490192345
3.141592653589793
3.9269908169872414
3.141592653589793
5.497787143782138
4.71238898038469
0.7853981633974484
1.4745149545802854e-17
3.9269908169872414
3.141592653589793
1.5707963267948966
2.3561944901923453
4.71238898038469
3.9269908169872414
5.497787143782138
6.283185307179586
2.356194490192345
1.5707963267948966
3.141592653589793
0.7853981633974485
0.7853981633974483
1.387778780781446e-17
5.497787143782138
1.5707963267948966
4.71238898038469
2.356194490192345
3.926990816987241
3.141592653589793
6.283185307179586
5.497787143782138
0.7853981633974483
2.7755575615628914e-17
1.5707963267948966
5.497787143782138
4.71238898038469
2.356194490192345
3.9269908169872414
3.141592653589793
0.7853981633974483
6.283185307179586
4.71238898038469
1.5707963267948966
3.9269908169872414
2.356194490192345
3.141592653589793
