2.5136200517911327
1.2566972772575464
0.001250047587105747
5.027668589352798
3.771057519439043
1.2584522606003294
2.515485969449769
3.770400704865544
5.028640660364274
0.0014134151921641363
3.7709386347110443
2.513116285497883
1.2586740195707644
5.026094159762599
0.0005595792980253573
1.2564407939808508
2.5153735789020364
7.770667464440099e-05
3.7727866961981866
5.030405807617177
0.004307837116200146
1.2614748597868948
2.5182531201146094
3.7747691571958057
5.031313626477289
0.004747647911905923
1.2611949234977091
2.517857619954052
5.027818150308331
3.7731863465733406
1.258367508036821
0.0015068388284735933
2.5174986234059333
0.0002197455462708978
3.7725931707106835
2.5137434352819668
1.258996570500819
5.025965587957492
1.2571605476217984
5.0306931410255595
3.7724156149217105
0.0027624217010074168
2.5132478541026675
3.770523441788198
5.032259585901802
0.001710190291613424
5.024586910242425
1.2578102946011616
0.0028410397527977474
2.513239419590212
3.768464020424866
1.2594290408896978
5.024612472035813
6.278924654868362
2.516167170386362
3.7699781717623786
5.025623259714668
1.2503365303823781
6.283149216715195
2.506790946109639
3.772322836833391
6.279327818789415
1.256030775090478
2.5172619568208248
3.769748294021183
1.2575137263947345
5.0259517286655315
5.031861556470434
0.005404603745565417
2.5088794984702214
1.2560417617519002
3.7698922756204096
2.510552513638466
3.7650780759036233
5.024271755625676
5.021726789846001
3.7636074571486247
6.27959373978856
6.280704051423061
1.2533844698154253
5.017242419794499
2.512528385576721
1.2549863675009485
2.512814328334541
6.274452236786532
1.2560060651250236
5.028543591769155
3.7689817806727612
3.7723949406986708
0.00016309959169549356
2.5115886879021243
5.025160528195943
1.2530066638208732
3.7670924215148465
0.0006714684868702174
1.2575641784300664
2.512545804918257
5.026321987619994
2.515462755016393
6.283117372209287
3.76653155916966
1.2537856120752364
2.513357067964023
5.021783413067334
3.7686438227440755
1.2554102304384929
6.281635960395142
2.5033210528950454
5.027267508264001
3.7705123688032556
6.28188974927251
5.0275703507094365
1.2550185119855166
3.770243109130309
2.5125209241557234
1.2563716388193105
0.001125523697264931
2.512231490551297
3.763642712290259
6.282580027081954
5.0288457428336
0.004296666406534416
5.026491349035308
5.026318407510486
3.76926768338414
2.514982459940102
1.2535035026147332
6.281644750371195
3.7826771579377696
5.024391054062958
1.2634287788115979
5.0322192510289305
3.765880772932387
2.5134221458933954
0.0054845096507277645
1.258086247695429
2.5219399333725416
2.511316205688243
6.278289630588039
1.2582821488157512
3.7762461927645767
5.0240358605977065
1.2644553557690197
2.5169397870997403
3.7735188794257635
0.0010191829434761678
5.033517397520415
0.004135910459864533
2.51085726583492
1.254584690958425
5.029643849503684
3.771553912614235
1.25946421498156
0.004577156720092179
1.2468842760317336
2.5249309166586813
3.764823430317905
2.5066781745633375
2.516689372960086
5.023017735766553
6.279234170259769
3.770651984751129
3.7668773844783296
1.2668782742078553
5.026642748455929
5.022799624851174
6.2818257071360915
2.512965565267676
0.0029968934822884926
2.5172046879989827
3.774185174563795
1.258190567855974
5.027430347395309
1.2596341998244356
3.7730271773019495
0.0031867242227235698
1.2583359565862478
5.032084965927277
2.5134944020637087
1.2539656974822473
2.5098900985648243
3.7669199476467186
5.027945822199627
3.775327534895237
0.003986797258553115
5.030161290579337
0.002790861110915883
0.001977563750753036
2.5224669383013225
1.2600811521530437
5.037101197613671
0.0019360517916679012
1.2564180058043546
5.02712996379975
3.7808683245077157
0.002627010866779828
5.031869765689942
1.2589632757770708
2.5157687314680923
3.77169856197961
2.5181372431940154
3.77699119086614
0.0012136559276027354
1.257940827667153
5.026663574162309
2.509671899758085
3.769955780678127
1.2566805547479807
2.51555498857317
0.00545358001781963
1.2651555969538908
3.767853930409989
2.5167526473326824
5.02604047179995
3.7687170718598733
5.782472575511426
4.4589528556761895
6.068469950958637
3.894114146088284
0.1711683578266942
0.4424543376228189
4.660614965687761
2.389128715872448
2.1826198913729495
4.956407016398023
1.8978954895710838
1.1881548951758423
5.3916547176448
2.789015326052539
5.2275513315834825
0.5111961418521923
2.8163326590226063
6.14985739046474
1.6891957525272328
6.099858767285337
5.525296123052522
3.5270018634685183
0.37806990963770304
3.0697963825507704
0.5643588042098685
0.0808769204790525
2.8617966088158835
1.8980719833874
2.4877359558345287
1.672253789216947
4.00214642121866
6.095544314200614
2.871033875033776
1.125087056317451
4.52402039403853
0.1562799415634203
5.797982116511056
3.5342380067741055
5.977710678590724
0.10450718024780564
6.227253125931085
3.7687170718598737
5.026040471799952
2.5167526473326824
3.767853930409989
1.2651555969538824
0.005453580017813365
2.51555498857317
1.2566805547479805
3.769955780678127
2.5096718997580854
5.026663574162309
1.2579408276671527
0.0012136559276027007
3.77699119086614
2.518137243194015
3.7716985619796097
2.5157687314680928
1.2589632757770712
5.031869765689941
0.0026270108667794667
3.7808683245077153
5.027129963799751
1.2564180058043546
0.001936051791668271
5.037101197613672
1.2600811521530444
2.522466938301323
0.001977563750753065
0.0027908611109159487
5.030161290579338
0.0039867972585542555
3.7753275348952364
5.027945822199628
3.766919947646715
2.509890098564821
1.2539656974822475
2.5134944020637087
5.032084965927276
1.2583359565862482
0.003186724222723726
3.7730271773019495
1.2596341998244354
5.027430347395309
1.2581905678559713
3.774185174563792
2.5172046879989827
0.0029968934822874635
2.512965565267678
6.281825707136093
5.022799624851174
5.026642748455929
1.2668782742078546
3.7668773844783296
3.7706519847511286
6.279234170259769
5.023017735766553
2.516689372960086
2.506678174563329
3.7648234303179113
2.5249309166586813
1.2468842760317336
0.004577156720092371
1.2594642149815602
3.771553912614233
5.029643849503681
1.2545846909584242
2.5108572658349195
0.0041359104598648055
5.033517397520415
0.0010191829434766455
3.773518879425763
2.5169397870997394
1.264455355769021
5.0240358605977065
3.7762461927645767
1.2582821488157507
6.278289630588039
2.511316205688243
2.5219399333725416
1.258086247695427
0.005484509650727849
2.513422145893396
3.765880772932385
5.032219251028932
1.2634287788115979
5.024391054062959
3.78267715793777
6.281644750371194
1.2535035026147299
2.514982459940102
3.7692676833841396
5.026318407510486
5.026491349035308
0.0042966664065343255
5.0288457428336
6.282580027081954
3.763642712290259
2.512231490551297
0.0011255236972647219
1.2563716388193105
2.512520924155723
3.77024310913031
1.255018511985516
5.027570350709436
6.28188974927251
3.770512368803256
5.027267508264001
2.503321052895045
6.281635960395141
1.2554102304384926
3.768643822744076
5.021783413067334
2.5133570679640234
1.2537856120752364
3.76653155916966
6.283117372209287
2.5154627550163924
5.026321987619994
2.512545804918257
1.2575641784300664
0.0006714684868701893
3.7670924215148465
1.253006663820873
5.025160528195943
2.511588687902124
0.0001630995916960919
3.7723949406986708
3.7689817806727612
5.028543591769155
1.2560060651250229
6.274452236786533
2.512814328334541
1.2549863675009483
2.5125283855767213
5.0172424197945
1.2533844698154253
6.280704051423061
6.2795937397885595
3.763607457148804
5.021726789845891
5.024271755625676
3.765078075903623
2.5105525136384674
3.7698922756204096
1.2560417617518993
2.5088794984702214
0.005404603745565555
5.031861556470434
5.0259517286655315
1.2575137263947336
3.769748294021183
2.5172619568208248
1.2560307750904782
6.279327818789415
3.772322836833391
2.5067909461096405
6.283149216715197
1.2503365303823781
5.025623259714668
3.7699781717623786
2.516167170386362
6.278924654868362
5.024612472035813
1.259429040889698
3.768464020424866
2.513239419590212
0.0028410397527977396
1.2578102946011616
5.024586910242425
0.001710190291613369
5.032259585901802
3.770523441788198
2.513247854102667
0.002762421701006044
3.7724156149217127
5.030693141025564
1.2571605476217993
5.0259655879574865
1.2589965705008122
2.513743435281966
3.7725931707106835
0.0002197455462711758
2.517498623405933
0.0015068388284735358
1.2583675080368197
3.7731863465733393
5.027818150308331
2.517857619954052
1.2611949234977091
0.004747647911905963
5.031313626477289
3.7747691571958057
2.518253120114609
1.2614748597868946
0.004307837116200089
5.030405807617178
3.7727866961981866
7.77066746444635e-05
2.515373578902036
1.2564407939808506
0.000559579298024507
5.0260941597625965
1.2586740195707622
2.513116285497883
3.7709386347110443
0.0014134151921644973
5.028640660364273
3.770400704865544
2.515485969449769
1.2584522606003294
3.771057519439043
5.027668589352797
0.001250047587105963
1.2566972772575464
2.5136200517911327
