3.141592653589793
1.9004541385352978
4.641800934919134
5.489831701226278
4.6432153463886525
5.661499173506264
2.779453035726342
1.2872609652027251
4.65569426669002
4.5647876925312
4.761123025710035
4.516757107259872
5.070997593481564
0.6490434586910414
6.186562097670267
5.626892209017641
2.5960299629279033
0.5692032796417928
0.4449580374552642
3.283833807971346
5.550216695046754
2.886632984899319
3.859974948475881
1.1664877523205477
3.2266557772686784
4.382731168580235
5.854886615683599e-11
5.922217983372682
2.037457233618938
2.5975931239022807
4.567934675752681
5.901411937990743
3.07662338677149
3.5272722060060366
5.1121598411115325
3.736497198627131
4.0198467938456846
5.749027177604575
2.744657179406592
1.5306634981803058
0.11558953650385712
1.988741564828431
4.313430026350095
1.8149377000234916
5.789759809265156
4.00457043815743
2.839589531910164
3.6340015052900863
0.880827464980171
0.08621301702674493
1.6413843722950403
0.3609673237521685
1.5599243577166315e-09
5.500810192177809
5.1618698156683775
1.5529781211429583
0.5651277941952698
4.3985356589237705
6.122499290525953
1.6743465266803301
0.5524788588672563
5.744235714913242
3.690427598775744
6.050459864949654
1.2902293433040444
3.9199288482170815
5.102718627638465
5.425446324703468
3.9233545839032695
3.225240826778196
2.4451560269564085
4.072960149633236
4.919374858403941
3.6233554597523145
2.458140718258505
0.7933536058624724
4.245728074227248
0.7823751151187114
3.141592653359316
0.2265215886046788
1.2128870881024902
2.2868717641875103
4.591397526368727
0.7234924201953237
1.6156659021632023
2.3208332811620314
5.025034032482418
6.10321733942082
5.107802650567523
5.745973503497702
2.870681448378365
5.9928791184093395
1.0698685251142952
5.3018156635935085
4.422357280513522
2.732278333032415
3.686327331793298
3.3781659785009817
1.223263318144199
3.831578426440174
1.6399699606407039
3.6855921830879197
1.1213154917425314
6.056663717772484
6.283185307139545
5.324361956356708
2.376407854886153
3.1152735458908083
4.462462376524571
0.7826259121711832
0.9547977249106856
2.432137423698346
4.316496826986527
4.120600596118166
0.6570753658918058
1.9685430132203292
0.4378921699764761
4.84427392766969
5.316441196960834
5.583812487875029
0.9614176080198921
3.2276351690427174
2.8475352002431378
3.4396576064327267
0.6998824045780637
0.621686133791038
1.715250632917931
4.730207185508022
5.0702982195657285
0.9588233498047471
3.1415926456241974
3.1481760587722207
4.677743763708022
4.369705123584357
5.528179288192309
6.015838158869411
0.2984491341514024
3.6688806839903365
6.14620267258562
0.663440833197458
2.646479487377611
2.9242921313318986
0.9361831369207035
3.237188875183397
1.5109067445432438
0.5502908200223326
4.702843310420225
2.0004861615524336
1.5257231872711818
3.9777686483713257
3.503732271256443
0.3817733694483539
5.718057511510459
3.9963135421284983
3.9067774521145604
3.1350092484239163
3.1415926543675132
3.7187181013265946
6.18198810605823
5.93229979015309
1.8015323594331556
3.3478894559191414
0.9291648830683097
2.730577271674428
0.5466135764335024
1.3253021994420335
1.5088857081287037
5.238435288117408
4.302727441365326
1.9101685905325745
0.5549987262697736
0.4436795341826266
4.718378724287712
2.612675628465334
4.822604454234936
4.995924342139919
3.206561920210833
1.88464965757358
1.6917877804785342
3.167911760988154
1.6054415433390858
2.5644672062259244
6.283185307082525
4.790648103280375
1.9164272610554964
5.198451517745271
1.603846431158135
2.8911294302392303
1.5860291057727365
1.5258225916926582
5.420112515264531
0.514660879261377
4.039004083538517
1.353420444148901
4.373164642915356
5.49361792058864
0.09825821693508667
3.8469189735414497
1.7350151612966025
4.5144303947872375
1.627491039952247
2.7559131006924042
0.16068601621942208
5.559692889067966
1.8207229307470947
1.9134801845564944
0.10119720120378463
1.4925372037332434
6.283185307177601
6.175934316225392
0.6992163941050786
5.1082547231034185
6.24044472797532
4.761230452842473
5.552239621084229
4.229434906588719
4.917222192358234
4.68816797197988
1.8182940863531407
0.25838554545517867
5.8634055859097955
0.6301439635855206
4.663490101364685
2.775569017869325
6.178868696324041
1.7183976146230415
1.1710254650629497
4.608838780754116
4.667519406620889
5.500559394950276
0.7550060184547956
0.35088551683234537
4.366758001509363
0.10725099920654632
1.2525511177817382e-09
5.432411434269642
0.316499502744853
2.4878982076710163
1.4684666502671417
4.644786589034664
5.812702082982038
5.757330154810472
3.9732526083028836
3.4105584484037217
5.6867663007987135
4.028680543892051
6.0519389318458785
5.876309924900676
2.189325712940844
4.955434039028942
1.5220622818428633
2.546688108660617
5.730706445813697
3.9623520295310835
5.3283875821986335
0.26734714780157726
4.481652945617281
1.0847337906408356
5.583968913243488
0.8507738722018859
5.764074223759455e-09
0.37222304127765793
3.5761976145119654
3.265341932321107
4.450692962794429
1.053195824942023
0.12669722032137673
3.6701392445864602
0.23304240724247158
0.42151907754179524
6.070325612870342
1.6736695626228983
1.56179436724462
2.4792207739461163
1.9520565777753849
1.7664281999705604
2.263338513784571
0.5389495923088253
1.2581512753438584
3.851047880228001
5.984736172266866
2.9352958514266088
4.67933887639843
1.1749305837665678
5.966685806439851
5.9109622667213895
3.141592653305034
3.389057766296165
5.269887215106758
5.991541848858225
5.321314586192753
2.6321648152522847
5.4581616311901815
6.239799399934003
1.146181580133255
6.088581774250198
5.884429238752787
2.5651574214089887
1.0340262423978106
1.3556032891641625
1.2121877132800625
0.5341581333996993
2.592757708760092
0.17996796835616644
1.9666884802897189
2.614304623378314
5.3540204241870395
3.3920558782122217
0.04274057913979231
3.795287101085436
2.706987692635714
2.894127541338936
6.283185307178722
5.9315921102461715
4.608509291887066
1.0290303023563234
0.08880995021338285
0.02679205909099203
1.27716614396266
6.211652000656081
5.184902862991569
2.0264275760871207
5.702770520015352
4.8326788370512235
2.5134644237631414
5.634141848879183
3.5385281271396765
0.2327254390992012
1.1753826579799784
2.162584712771362
0.1369826331726923
3.55260803466729
4.697156202790511
1.5219548556821252
4.814718657070253
3.017843374391132
1.0132980904499636
0.35159319729762534
3.141592653720809
6.044351658856495
3.007735835649219
0.0018409059686040543
1.4314341113684836
6.180277880003444
4.812725612617866
0.09804182848894484
0.5265276864774716
1.3241457907456453
2.061708680134841
3.8957205704335656
0.09662320950428574
4.752521811245425
4.992955964133783
0.5372118023256238
5.6261099417926435
5.619744473254158
5.7365717345079865
4.757362715368981
0.7309456862844569
1.6383987217194909
1.8324923506882596
0.29164345809582004
1.674676015312595
0.23883364699056245
3.1415926887884194
2.685992498011479
1.5082954979892536
2.5840875081855965
2.936889256117368
5.44173857304012
1.5026069799021349
4.010068352909833
0.9389491003622433
5.700035056105191
3.819873246613291
0.6562930979115762
6.1675957706732145
2.363256456361088
3.412503858703519
4.314642294764074
3.6367058182485454
4.957883107926607
0.8630727919529942
2.0537503999629916
0.47048322864671593
5.2299894798431925
0.9618707208991905
5.254155005627953
3.275449475590971
3.597192808745205
3.1415926556645104
4.470704270762646
2.6002341372788043
2.8715268040867135
3.096979299413734
3.420330722890929
2.231347252737593
0.5397588491808057
3.696928257329269
4.6065056925545225
3.6871553444021075
4.2944437423405155
1.1804666797913244
0.29030618711860146
5.845293137196726
3.3588931749786792
4.774299599216484
5.768524429052418
1.3659631148184388
0.5258551497626602
6.1564880868364575
3.6510204904472636
6.194375356995587
6.2813444022187355
4.774889809953988
1.8124810384439864
6.283185307178492
2.7143195912612987
4.284270852259024
6.116335355280007
0.4329871059782281
4.196656157196356
4.8445943992341105
2.1953862457515783
6.007104728548285
5.713982028684148
1.9697552808954901
0.8577389823664905
5.213316780703579
1.4389113765903534
5.347002169996321
1.044750018732969
2.244181222844848
1.5950173354763248
2.309932698926895
2.6130460624267005
0.8250236744557069
6.256393249689328
4.851751196928559
3.6990977993513066
3.6829511685998515
3.5688657106847526
2.4274276650140027e-10
0.8114052856268782
1.1385696130425258
0.37776111533258944
1.693841475608638
1.871557048598056
5.670472370084986
5.942668788782548
5.838227269664394
4.468247607102915
2.359830722883233
0.9813696441189012
0.966744110212957
3.0459964320487125
1.9804578631924465
4.929764863605564
4.464891220944477
2.872626858961987
6.05014289834827
0.043385906772342366
5.0060191633352575
0.10290742721197316
3.3462960512496376
3.411658502475569
1.9989144552359466
5.47178002154367
6.493958769395719e-10
0.5288186938858458
3.1822672283002693
2.30295065942915
1.9244802371329561
4.917280481057913
3.6910332788124007
2.999351498919413
0.4934254979461119
3.0579444808315936
1.8608280262896926
0.699372819749126
4.772278573617076
4.37301671774164
1.9100206645543742
6.024799760262644
0.5964190060100051
5.861666228781614
5.137003726983951
0.07153330683153215
1.4704597006538345
0.8414467371127916
3.1862060079672476
0.1668499526827183
5.144615694519381
5.754366613744602
3.1415926664813862
5.872978449464765
1.4836909159620553
3.8285058277559125
4.249906703813361
5.346918646572275
0.7329686118905503
2.2786148695916446
3.8380292801626434
3.5509069741181727
5.321767699149525
5.732894486789307
5.728186581243999
0.7895673871974901
0.41977972129250596
2.2545047619926595
0.21285969408105393
0.19460353324924176
1.0982824442591077
6.185143478306787
4.7805783270365
2.862854584407182
5.850198201080389
5.9054241916072066
3.100918078903528
0.41020685876954194
3.141592653538231
3.268689575144328
0.9916311181475554
2.273439882747425
3.0203618285740785
3.396552322345599
3.443595775514208
2.210225157726489
2.596857974834714
3.055550138180544
1.5803419926101043
5.839505771211295
6.184927090048899
5.653041345972535
0.23124637567282114
4.609515746142692
0.3987560691582927
4.25675773189751
5.756657620648566
2.273116952819782
4.051838055823371
2.0865291511664483
4.589343832222321
3.9802346476314066
4.7994943916076735
3.0144957316032155
6.283185307100568
2.551135566840858
4.937449760572651
0.6047432331707515
2.4232103589088663
2.6491838023045853
1.363810449029778
2.905019329881269
3.4356501078927355
4.282699146374667
1.564806584708678
2.436266332205755
1.6196952060716459
0.40687537826048575
4.72139094015934
3.7180278855903452
0.5804147879139759
4.959039514889669
5.344236210275143
5.743426457051557
1.4385909073871472
4.411628257369345
4.3587050686205435
2.4546794807435797
5.291554188844395
3.7320497405787627
3.1415926559658525
6.152753405248415
0.8968465551903492
5.116697554811722
5.402357841856841
2.659829847692184
5.059921989153157
2.8435277006729267
4.757462120211005
3.670509678746334
4.548170145680754
3.507616290228793
4.0938595950788805
3.8039645343043063
5.2491590633307235
1.4505064696223802
4.221476626340384
0.5831502511892386
2.5862570483911047
4.087799061635516
0.6127129370175382
1.3659048270518945
2.033278603890351
4.009745424519389
1.3457355459458071
0.1304319016008963
3.1415926536219803
2.3619876999698444
3.0565295299109465
6.19697229031639
3.825044588758642
2.4516068807243174
5.5833029028830445
2.3054166588858727
1.4605808534441673
1.7687549125239386
0.10431661080152979
1.3277512681929502
4.331128728539108
4.927582017980168
3.7697208839125946
2.3874647368793944
2.463312061052115
1.676679614639349
0.2760805785803864
0.34051651741098155
2.592152028609668
0.9362666605152037
3.262823478674999
5.678442074095746
5.386338751908806
3.921197607280689
3.1415926535899685
