-3.972164428825996296e+00
-3.966410794835061093e+00
-3.957333994816031542e+00
-3.956957594981763027e+00
-3.951214808498980435e+00
-3.936443837441347515e+00
-3.935992786660963194e+00
-3.935946150310079883e+00
-3.933678997505417385e+00
-3.927866759117709439e+00
-3.913956073387406587e+00
-3.913358166294607088e+00
-3.911775296806526914e+00
-3.911226270884453182e+00
-3.910934666320227127e+00
-3.908807832826652007e+00
-3.904304962469360873e+00
-3.899737927384106850e+00
-3.892061294983440334e+00
-3.875039633724179922e+00
-3.852384471722650527e+00
-3.823582210343539955e+00
-3.787143888719889162e+00
-3.743323460481761344e+00
-3.692223169120304682e+00
-3.633321355866709901e+00
-3.567927484178130548e+00
-3.498012675120323767e+00
-3.433470978824901820e+00
-3.422019683424830649e+00
-3.416193705793067359e+00
-3.411430416342074778e+00
-3.391450384729019163e+00
-3.386319802192507389e+00
-3.371221894980175993e+00
-3.359077119078492490e+00
-3.358228922136085259e+00
-3.343953305224379946e+00
-3.336153175202813959e+00
-3.328161081180040171e+00
-3.325260482910289195e+00
-3.320848374683283755e+00
-3.320332201135256511e+00
-3.305906286760796675e+00
-3.297435204090736427e+00
-3.279418513441628047e+00
-3.261804211935912079e+00
-3.231856814698781388e+00
-3.207328877609378015e+00
-3.180343179014545996e+00
-3.120861350626549680e+00
-3.120619807823987291e+00
-3.059712517927949182e+00
-3.029672258819042785e+00
-3.000243370445573099e+00
-2.952750122966654178e+00
-2.938291806212270707e+00
-2.902766651102897555e+00
-2.890995741500988370e+00
-2.886115071901171891e+00
-2.853123574623519065e+00
-2.847437081721818419e+00
-2.845895812859038809e+00
-2.840335066649706253e+00
-2.822446116653071435e+00
-2.799633575014258025e+00
-2.788250050070837815e+00
-2.776609146710866227e+00
-2.774368085309441678e+00
-2.763202197371036117e+00
-2.736210523990704857e+00
-2.727028391312418254e+00
-2.720803422100594560e+00
-2.682390849683497169e+00
-2.660907434045386211e+00
-2.660241413133782817e+00
-2.659338255125960337e+00
-2.658071939005665740e+00
-2.617501961789109544e+00
-2.601300337671038854e+00
-2.565618564843368254e+00
-2.556137150099912159e+00
-2.529349852040013502e+00
-2.488284604234013653e+00
-2.471283396686363876e+00
-2.468387181006371112e+00
-2.465510782843909787e+00
-2.426695435267979484e+00
-2.410493761002594049e+00
-2.403126665987950883e+00
-2.394696580840816047e+00
-2.390702219349039925e+00
-2.363437047646446132e+00
-2.362329310516485759e+00
-2.353259531966781282e+00
-2.342183283180931941e+00
-2.334198330306301639e+00
-2.321271247738916355e+00
-2.305334861761077825e+00
-2.286783288854649321e+00
-2.280859141097911102e+00
-2.263695042664202184e+00
-2.243252083799779584e+00
-2.218395230431486898e+00
-2.210500274114920227e+00
-2.173071560202656904e+00
-2.151937851453681994e+00
-2.125160598060643835e+00
-2.122901034576238022e+00
-2.114222273742099922e+00
-2.096319190786593456e+00
-2.089907807701823383e+00
-2.089782906080259295e+00
-2.062361689266411613e+00
-2.048413127324981708e+00
-2.045095561487663360e+00
-2.029815614406678570e+00
-2.009205557045490753e+00
-2.000534160755604862e+00
-1.996788759730955043e+00
-1.983820766892021137e+00
-1.979286574401780463e+00
-1.974279724202337327e+00
-1.957771183988443298e+00
-1.928550848716305222e+00
-1.923343914878828054e+00
-1.918390990782429251e+00
-1.882431159565961520e+00
-1.881009394883708774e+00
-1.859278561414018149e+00
-1.857192936073790435e+00
-1.849457347106898908e+00
-1.835307676989487158e+00
-1.830089328636619772e+00
-1.814277921229051627e+00
-1.806154235532172470e+00
-1.768143223071899861e+00
-1.767726563283174457e+00
-1.759664257239601959e+00
-1.722347790422352087e+00
-1.721963095031615820e+00
-1.687390849640354462e+00
-1.686653807900570845e+00
-1.665648039427571003e+00
-1.661544713997893163e+00
-1.644121735629564318e+00
-1.625162001252787203e+00
-1.621890620600590083e+00
-1.604133494684360617e+00
-1.581931508139297726e+00
-1.581283600566274261e+00
-1.580781126414841253e+00
-1.560468601921429332e+00
-1.559812875185412118e+00
-1.555175842750802673e+00
-1.524251832283386676e+00
-1.518102026716743103e+00
-1.499685153853689279e+00
-1.497078384602934742e+00
-1.482577622505094395e+00
-1.482194669383543273e+00
-1.471195097817304731e+00
-1.441142181215985696e+00
-1.438751466585016514e+00
-1.434702415342787640e+00
-1.428609900458806647e+00
-1.409791043517150122e+00
-1.391694439585572152e+00
-1.390701912751869607e+00
-1.378488408603796067e+00
-1.374196967084506227e+00
-1.370757928129033631e+00
-1.344668349579064337e+00
-1.324627930515895446e+00
-1.324215013036553756e+00
-1.323176830134201953e+00
-1.322590540386739733e+00
-1.304062796929726931e+00
-1.303701452431663910e+00
-1.300474466313680910e+00
-1.283821331119543663e+00
-1.256872626580620489e+00
-1.256137594053668316e+00
-1.254556656606246712e+00
-1.213573418001277604e+00
-1.208177184340105459e+00
-1.207226444895317385e+00
-1.195319283154255174e+00
-1.187668499081563800e+00
-1.183777805810384054e+00
-1.152502376990838240e+00
-1.149183792358886347e+00
-1.141909398950534005e+00
-1.128674233424619811e+00
-1.121790653585429620e+00
-1.115145712818723656e+00
-1.102495621802446424e+00
-1.088538206166009381e+00
-1.079538064044009094e+00
-1.070032429126173579e+00
-1.068748518686735149e+00
-1.045907264660978386e+00
-1.039978249196461979e+00
-1.038610376308277239e+00
-1.024344130057353919e+00
-1.020949297063384664e+00
-1.007236026389136008e+00
-1.004806367113030063e+00
-9.918748313565939334e-01
-9.915260978358663158e-01
-9.871571852949005965e-01
-9.777873275634243466e-01
-9.598992539476004504e-01
-9.076329852415340183e-01
-8.917294401345731147e-01
-8.909451987232329673e-01
-8.811440759883292229e-01
-8.638311808379973700e-01
-8.519944158428733871e-01
-8.469433644414905427e-01
-8.427419137402105687e-01
-8.347424123460330803e-01
-8.270809971267198968e-01
-8.254570711242562586e-01
-8.202661694725538188e-01
-8.136892159925068757e-01
-8.035847121629948742e-01
-8.035183818161720781e-01
-7.972759855446266419e-01
-7.862213525051786611e-01
-7.787997753363220532e-01
-7.635121978370130735e-01
-7.523627599874125327e-01
-7.501743492252703760e-01
-7.364580475248484470e-01
-7.262236451121448777e-01
-7.206289566176370398e-01
-7.145704088196441761e-01
-7.061222210314666015e-01
-6.873528695576396341e-01
-6.802606682834103635e-01
-6.758865417086212801e-01
-6.737487871824969776e-01
-6.699519719198293588e-01
-6.516520707754407393e-01
-6.445255354177005236e-01
-6.439877709232020297e-01
-6.268128423280646677e-01
-6.216134482366506564e-01
-6.196361868059848677e-01
-6.147053617455394692e-01
-6.117042440490733091e-01
-6.001602218825705659e-01
-5.958486267351110754e-01
-5.868093193408734365e-01
-5.657921357664912332e-01
-5.404314970850997435e-01
-5.319755926508515920e-01
-5.162473231297814991e-01
-5.122325484360213954e-01
-5.043662334970918648e-01
-5.016672258457817168e-01
-4.953736901132451687e-01
-4.944971503949310843e-01
-4.887835490877360245e-01
-4.863461988979591588e-01
-4.787873258528908549e-01
-4.751852016471095341e-01
-4.695853182443108786e-01
-4.687681671764017399e-01
-4.562618759874422225e-01
-4.488207898631643156e-01
-4.480672878356110056e-01
-4.446001982070200698e-01
-4.396016600417096964e-01
-4.312858567645544983e-01
-4.216441844733320732e-01
-4.116522721461745582e-01
-4.110034247016349229e-01
-3.994880094953046634e-01
-3.979118048532707674e-01
-3.961962025590040071e-01
-3.891331037150647654e-01
-3.720329633127652524e-01
-3.691867015475771008e-01
-3.625344175083764497e-01
-3.563856914181244284e-01
-3.500670417657422151e-01
-3.378837074711812938e-01
-3.292569664599775403e-01
-3.286287968794677772e-01
-3.216126186492248018e-01
-3.183704725921170930e-01
-3.092082520756990749e-01
-3.080569376281124816e-01
-2.965808243002769351e-01
-2.930144602661275410e-01
-2.926742463076177914e-01
-2.854984060963291492e-01
-2.843624586504858165e-01
-2.780843245964773613e-01
-2.599241515329603902e-01
-2.528732374262538940e-01
-2.476664035276207598e-01
-2.423583904795671429e-01
-2.399502498458751243e-01
-2.180266536493770391e-01
-2.148046965582323664e-01
-2.116891527260209294e-01
-2.116378278389117740e-01
-2.106904610095796382e-01
-2.105040422509560083e-01
-2.036610744133444950e-01
-1.760988584997655593e-01
-1.311531884245328572e-01
-1.264089090134735971e-01
-1.078952896450367099e-01
-1.046980260981683203e-01
-1.032328584106066149e-01
-6.106402896051836560e-02
-1.079921170697296627e-15
-9.699369161499914709e-16
-9.116086209191938299e-16
-8.165661227573341996e-16
-7.954549824375085378e-16
-7.147266292908719241e-16
-6.839768079175649879e-16
-6.585254944438083889e-16
-6.430551289653259248e-16
-6.284199004656965233e-16
-6.010013240097098345e-16
-5.293048025013250550e-16
-5.012276208992168229e-16
-4.772612538653500615e-16
-4.760612943006910309e-16
-4.629354075481096913e-16
-4.254107214807835875e-16
-3.959519747560202553e-16
-3.699646949812090801e-16
-3.113938938364530972e-16
-2.967020902222329024e-16
-2.872937185536493664e-16
-2.799852067847017201e-16
-2.319373028779766587e-16
-1.917002621163057136e-16
-1.566502290465337753e-16
-1.452268666736260886e-16
-1.128260221006785876e-16
-8.515940685006354781e-17
-7.789340654297994263e-17
-4.865968701492531169e-17
9.273350815920253336e-18
1.070933292614646280e-17
1.773708393768032079e-17
4.048899578831366548e-17
6.461781524969260976e-17
9.811094111234508734e-17
1.263272832828349643e-16
1.340201516282300391e-16
1.513902100785153923e-16
2.048780250349348519e-16
2.255503310084233545e-16
2.378711499791245690e-16
3.129995086664604166e-16
3.256007151454266311e-16
3.256518083019930691e-16
3.951095674753518970e-16
4.005783399173248589e-16
4.542935528826348951e-16
4.970141679309045244e-16
4.971759722775663305e-16
5.532291962246590911e-16
5.750312848871011492e-16
6.154177257214097132e-16
6.756317137782514585e-16
6.853191537913487515e-16
7.585891632916234168e-16
7.653577842000890079e-16
8.206601915669773995e-16
8.904878377355019938e-16
1.005556997083452119e-15
6.106402896051726925e-02
1.032328584106067537e-01
1.046980260981683342e-01
1.078952896450366405e-01
1.264089090134737081e-01
1.311531884245329682e-01
1.760988584997657258e-01
2.036610744133445505e-01
2.105040422509559528e-01
2.106904610095793329e-01
2.116378278389117462e-01
2.116891527260206518e-01
2.148046965582326995e-01
2.180266536493770668e-01
2.399502498458752353e-01
2.423583904795673372e-01
2.476664035276207043e-01
2.528732374262537275e-01
2.599241515329606123e-01
2.780843245964774724e-01
2.843624586504860940e-01
2.854984060963295378e-01
2.926742463076176248e-01
2.930144602661276521e-01
2.965808243002769351e-01
3.080569376281126481e-01
3.092082520756992414e-01
3.183704725921170930e-01
3.216126186492249683e-01
3.286287968794680547e-01
3.292569664599776513e-01
3.378837074711811272e-01
3.500670417657422151e-01
3.563856914181243729e-01
3.625344175083761167e-01
3.691867015475765457e-01
3.720329633127648639e-01
3.891331037150647099e-01
3.961962025590040071e-01
3.979118048532708229e-01
3.994880094953044969e-01
4.110034247016350895e-01
4.116522721461745582e-01
4.216441844733321842e-01
4.312858567645545538e-01
4.396016600417096964e-01
4.446001982070204028e-01
4.480672878356110611e-01
4.488207898631644266e-01
4.562618759874420560e-01
4.687681671764016844e-01
4.695853182443105456e-01
4.751852016471092566e-01
4.787873258528904663e-01
4.863461988979589368e-01
4.887835490877363021e-01
4.944971503949312508e-01
4.953736901132451131e-01
5.016672258457816058e-01
5.043662334970917538e-01
5.122325484360211734e-01
5.162473231297814991e-01
5.319755926508513699e-01
5.404314970850996325e-01
5.657921357664911222e-01
5.868093193408735475e-01
5.958486267351115195e-01
6.001602218825705659e-01
6.117042440490734201e-01
6.147053617455394692e-01
6.196361868059848677e-01
6.216134482366508784e-01
6.268128423280647787e-01
6.439877709232022518e-01
6.445255354177007456e-01
6.516520707754405173e-01
6.699519719198293588e-01
6.737487871824969776e-01
6.758865417086210581e-01
6.802606682834100305e-01
6.873528695576396341e-01
7.061222210314663794e-01
7.145704088196445092e-01
7.206289566176373729e-01
7.262236451121449887e-01
7.364580475248485580e-01
7.501743492252704870e-01
7.523627599874129768e-01
7.635121978370132956e-01
7.787997753363220532e-01
7.862213525051786611e-01
7.972759855446264199e-01
8.035183818161721891e-01
8.035847121629949852e-01
8.136892159925068757e-01
8.202661694725534858e-01
8.254570711242563696e-01
8.270809971267198968e-01
8.347424123460330803e-01
8.427419137402105687e-01
8.469433644414906537e-01
8.519944158428732761e-01
8.638311808379972589e-01
8.811440759883293339e-01
8.909451987232329673e-01
8.917294401345726707e-01
9.076329852415341293e-01
9.598992539476002284e-01
9.777873275634243466e-01
9.871571852949009296e-01
9.915260978358669819e-01
9.918748313565941555e-01
1.004806367113030507e+00
1.007236026389136452e+00
1.020949297063384664e+00
1.024344130057354363e+00
1.038610376308276351e+00
1.039978249196461757e+00
1.045907264660978386e+00
1.068748518686735371e+00
1.070032429126174023e+00
1.079538064044009538e+00
1.088538206166009603e+00
1.102495621802446202e+00
1.115145712818723656e+00
1.121790653585429620e+00
1.128674233424619811e+00
1.141909398950534005e+00
1.149183792358886791e+00
1.152502376990838462e+00
1.183777805810384498e+00
1.187668499081564244e+00
1.195319283154255396e+00
1.207226444895317385e+00
1.208177184340105459e+00
1.213573418001277604e+00
1.254556656606246268e+00
1.256137594053668316e+00
1.256872626580620711e+00
1.283821331119543885e+00
1.300474466313680466e+00
1.303701452431663910e+00
1.304062796929726931e+00
1.322590540386739955e+00
1.323176830134201953e+00
1.324215013036553978e+00
1.324627930515896113e+00
1.344668349579064337e+00
1.370757928129034076e+00
1.374196967084506227e+00
1.378488408603795845e+00
1.390701912751869607e+00
1.391694439585572374e+00
1.409791043517150122e+00
1.428609900458806647e+00
1.434702415342787418e+00
1.438751466585016514e+00
1.441142181215985030e+00
1.471195097817305397e+00
1.482194669383543051e+00
1.482577622505094395e+00
1.497078384602935408e+00
1.499685153853689723e+00
1.518102026716743325e+00
1.524251832283386232e+00
1.555175842750802895e+00
1.559812875185412340e+00
1.560468601921429554e+00
1.580781126414841697e+00
1.581283600566274705e+00
1.581931508139297948e+00
1.604133494684360839e+00
1.621890620600590305e+00
1.625162001252787203e+00
1.644121735629564096e+00
1.661544713997893830e+00
1.665648039427571003e+00
1.686653807900571511e+00
1.687390849640354684e+00
1.721963095031616264e+00
1.722347790422352309e+00
1.759664257239601293e+00
1.767726563283174679e+00
1.768143223071899861e+00
1.806154235532172914e+00
1.814277921229051627e+00
1.830089328636619550e+00
1.835307676989486936e+00
1.849457347106899130e+00
1.857192936073790213e+00
1.859278561414017927e+00
1.881009394883708552e+00
1.882431159565961742e+00
1.918390990782429251e+00
1.923343914878828054e+00
1.928550848716305444e+00
1.957771183988443298e+00
1.974279724202337327e+00
1.979286574401780685e+00
1.983820766892021137e+00
1.996788759730954599e+00
2.000534160755604862e+00
2.009205557045490753e+00
2.029815614406678126e+00
2.045095561487663804e+00
2.048413127324981708e+00
2.062361689266411613e+00
2.089782906080259295e+00
2.089907807701822495e+00
2.096319190786593456e+00
2.114222273742099922e+00
2.122901034576237578e+00
2.125160598060644279e+00
2.151937851453681994e+00
2.173071560202656904e+00
2.210500274114920227e+00
2.218395230431486453e+00
2.243252083799779584e+00
2.263695042664202184e+00
2.280859141097910658e+00
2.286783288854648877e+00
2.305334861761078269e+00
2.321271247738916799e+00
2.334198330306302083e+00
2.342183283180932385e+00
2.353259531966781726e+00
2.362329310516485315e+00
2.363437047646446576e+00
2.390702219349040369e+00
2.394696580840818712e+00
2.403126665987951327e+00
2.410493761002594493e+00
2.426695435267979484e+00
2.465510782843909787e+00
2.468387181006371556e+00
2.471283396686364320e+00
2.488284604234014097e+00
2.529349852040013058e+00
2.556137150099913047e+00
2.565618564843368254e+00
2.601300337671038854e+00
2.617501961789109544e+00
2.658071939005667073e+00
2.659338255125960337e+00
2.660241413133783706e+00
2.660907434045386211e+00
2.682390849683497613e+00
2.720803422100595448e+00
2.727028391312418254e+00
2.736210523990705301e+00
2.763202197371036561e+00
2.774368085309442122e+00
2.776609146710867115e+00
2.788250050070837815e+00
2.799633575014259357e+00
2.822446116653071435e+00
2.840335066649706253e+00
2.845895812859039697e+00
2.847437081721819307e+00
2.853123574623519065e+00
2.886115071901171447e+00
2.890995741500989258e+00
2.902766651102896667e+00
2.938291806212269819e+00
2.952750122966652402e+00
3.000243370445573543e+00
3.029672258819042785e+00
3.059712517927948294e+00
3.120619807823986847e+00
3.120861350626548791e+00
3.180343179014546440e+00
3.207328877609377127e+00
3.231856814698781388e+00
3.261804211935912079e+00
3.279418513441628047e+00
3.297435204090736427e+00
3.305906286760796231e+00
3.320332201135256067e+00
3.320848374683283311e+00
3.325260482910289195e+00
3.328161081180040171e+00
3.336153175202813514e+00
3.343953305224379502e+00
3.358228922136085703e+00
3.359077119078492046e+00
3.371221894980175549e+00
3.386319802192506945e+00
3.391450384729018719e+00
3.411430416342074778e+00
3.416193705793067803e+00
3.422019683424831982e+00
3.433470978824901376e+00
3.498012675120323323e+00
3.567927484178131436e+00
3.633321355866709901e+00
3.692223169120303794e+00
3.743323460481760900e+00
3.787143888719887830e+00
3.823582210343539955e+00
3.852384471722650527e+00
3.875039633724178589e+00
3.892061294983439890e+00
3.899737927384107739e+00
3.904304962469361762e+00
3.908807832826651119e+00
3.910934666320227127e+00
3.911226270884455847e+00
3.911775296806525137e+00
3.913358166294606644e+00
3.913956073387406143e+00
3.927866759117711215e+00
3.933678997505418717e+00
3.935946150310079439e+00
3.935992786660961862e+00
3.936443837441347071e+00
3.951214808498981768e+00
3.956957594981762583e+00
3.957333994816031542e+00
3.966410794835060649e+00
3.972164428825994520e+00
