-3.184192519990200143e+00
-3.154795143514868450e+00
-3.153928402457786717e+00
-3.143699205981543177e+00
-3.143603845800274410e+00
-3.141965479578763265e+00
-3.139059988793785116e+00
-3.133735722607696506e+00
-3.130855603343194460e+00
-3.110293505324404961e+00
-3.107725602127987763e+00
-3.105573377426323223e+00
-3.100638246739574555e+00
-3.093484126406954804e+00
-3.090764058036957973e+00
-3.084306467392305073e+00
-3.079793268166716835e+00
-3.078277507915375022e+00
-3.075220322856367705e+00
-3.062009092402073307e+00
-3.059625816509762952e+00
-3.054839244747839189e+00
-3.053592832454477435e+00
-3.034693466269080986e+00
-3.032896280249591126e+00
-3.015517399731513670e+00
-3.012054937836009749e+00
-3.009344159763980731e+00
-3.004597237771438500e+00
-3.002340509032864979e+00
-2.993769968948199356e+00
-2.987212988366299005e+00
-2.983112106120538787e+00
-2.981742854841892498e+00
-2.977506325920452390e+00
-2.966129948560424001e+00
-2.961922035988068025e+00
-2.955525850366947260e+00
-2.952718338896505479e+00
-2.944801599548680482e+00
-2.937253766039845448e+00
-2.932283901454890263e+00
-2.922240835673586279e+00
-2.910960361024398591e+00
-2.902221567798820789e+00
-2.886479854053924932e+00
-2.882195189139527436e+00
-2.874238024807296288e+00
-2.864138353275583526e+00
-2.846398702936731251e+00
-2.840177375503204260e+00
-2.835773523170246335e+00
-2.831314011308855516e+00
-2.822888211240990319e+00
-2.812951247142116085e+00
-2.807742084254822412e+00
-2.797775609841454791e+00
-2.785000430149702222e+00
-2.779471409992533282e+00
-2.775454259107297705e+00
-2.766885485449073201e+00
-2.760549145990330633e+00
-2.757469536097218121e+00
-2.754842630027328543e+00
-2.745542012416569921e+00
-2.742820182855485900e+00
-2.734816924274854788e+00
-2.731874381935120777e+00
-2.725681581651028029e+00
-2.706581560634913064e+00
-2.698532694152654621e+00
-2.690366869662441207e+00
-2.678869993105984726e+00
-2.673887271836359769e+00
-2.668194983422801592e+00
-2.657858507611014609e+00
-2.638135860868887850e+00
-2.627665708888275553e+00
-2.621180354178303418e+00
-2.611623319956091649e+00
-2.608054993253671849e+00
-2.597709805928009708e+00
-2.587889395409941340e+00
-2.578987831986953694e+00
-2.572703285244040128e+00
-2.561566338581534374e+00
-2.553048695955477676e+00
-2.547180564565223460e+00
-2.541100109362021353e+00
-2.529099065713178440e+00
-2.520300650556879241e+00
-2.515901749524308340e+00
-2.511064038635438145e+00
-2.502132813337127004e+00
-2.490731078533395149e+00
-2.483553477159811784e+00
-2.477939610307078766e+00
-2.469751308158734115e+00
-2.462228333013936510e+00
-2.450956377952032916e+00
-2.445993762025326923e+00
-2.436610790756652101e+00
-2.430466377948322432e+00
-2.423587346526863584e+00
-2.407602760372969275e+00
-2.397101692564675535e+00
-2.387237426592979439e+00
-2.373627377817291162e+00
-2.367276586591456677e+00
-2.354861517549606820e+00
-2.339212894416514477e+00
-2.335554272953944022e+00
-2.328056078569428866e+00
-2.247931467830214913e+00
-2.240412953181086575e+00
-2.222436380778674447e+00
-2.205981642006864973e+00
-2.192618897149475110e+00
-2.174717302753466086e+00
-2.155593657296653198e+00
-2.129317271504105324e+00
-2.098797537043416650e+00
-2.070221273772196557e+00
-2.066505220280158817e+00
-2.037064549164946836e+00
-2.029220355099575546e+00
-2.021222452554950699e+00
-2.011026431318450491e+00
-2.002782676721881927e+00
-1.988227140511672930e+00
-1.983862300689019031e+00
-1.978556812222103778e+00
-1.968166233982229674e+00
-1.952726361273606548e+00
-1.928309645109527182e+00
-1.915616527095346688e+00
-1.898819334636245859e+00
-1.883531387289476999e+00
-1.874696840626260741e+00
-1.810576709415220531e+00
-1.732225592653904522e+00
-1.646570790748129509e+00
-1.557765513054146123e+00
-1.469588953718636404e+00
-1.386752913812797194e+00
-1.323478087948240844e+00
-1.313493330378598500e+00
-1.288787562756668947e+00
-1.277801893456407711e+00
-1.257994031352634545e+00
-1.245512678129263140e+00
-1.241360447140633205e+00
-1.226707457302580240e+00
-1.211332208320450965e+00
-1.209498463159661030e+00
-1.203674772608909427e+00
-1.185127115538234799e+00
-1.179277158325832131e+00
-1.155246633114495491e+00
-1.146864664762738739e+00
-1.131939396598786063e+00
-1.121600060108884245e+00
-1.107682621346347984e+00
-1.094443318339032301e+00
-1.088663200134408982e+00
-1.081599915978508575e+00
-1.067743746440249497e+00
-1.062752980313997453e+00
-1.052479643426702527e+00
-1.041334885273360600e+00
-1.039409474862869942e+00
-1.030849181214979815e+00
-1.028397225029304973e+00
-1.026159724088894665e+00
-1.022997559849060156e+00
-1.018615589992993398e+00
-1.015661729500935362e+00
-1.010663618053549095e+00
-1.003937929192169731e+00
-9.982295532299994001e-01
-9.933067108429021186e-01
-9.907297428534510564e-01
-9.890577826782188664e-01
-9.788919873576907849e-01
-9.729208376530963376e-01
-9.672630085473105099e-01
-9.627586533391470081e-01
-9.575278863621652370e-01
-9.520359708287156053e-01
-9.492135177536334956e-01
-9.439823703464100824e-01
-9.425377262363265896e-01
-9.340088871246382540e-01
-9.279755051716703784e-01
-9.224729360083099294e-01
-9.153834587618405738e-01
-9.127602709190385522e-01
-9.070989773106092890e-01
-9.028354477171871562e-01
-8.961004860827066487e-01
-8.903333389490357686e-01
-8.822268580531773541e-01
-8.727108642156865548e-01
-8.647957402725815479e-01
-8.563063472153681355e-01
-8.505557480548869842e-01
-8.352918011067747006e-01
-8.243204470772965697e-01
-8.135464609780336254e-01
-8.011641249536201048e-01
-7.950017976060110847e-01
-7.887154665267660514e-01
-7.805412589899900500e-01
-7.704786883553627064e-01
-7.662832067593878804e-01
-7.525653055806797997e-01
-7.440576074101433734e-01
-7.297395494419876005e-01
-7.203014307205631850e-01
-7.138237346645310843e-01
-7.055904032428973460e-01
-6.999364678839480325e-01
-6.943207352760499829e-01
-6.872178024706028232e-01
-6.830424111350981153e-01
-6.736305843374567059e-01
-6.560320977743239190e-01
-6.483686827315173762e-01
-6.444451788655647384e-01
-6.271205584174398551e-01
-6.160229266392213132e-01
-6.068095433523669202e-01
-6.006883014351143135e-01
-5.949537626761036702e-01
-5.919110742780880896e-01
-5.845868577378082742e-01
-5.783625340846206830e-01
-5.670083751133793148e-01
-5.522526494083138671e-01
-5.419603406356319208e-01
-5.332083915510809069e-01
-5.273018062105963022e-01
-5.121264381813301902e-01
-5.034833335832500367e-01
-4.993178870609865094e-01
-4.918862002336605310e-01
-4.885060169054351031e-01
-4.802274112239534043e-01
-4.731818005625086920e-01
-4.675663466766825094e-01
-4.630086670298554363e-01
-4.522311958674022914e-01
-4.488642819763772884e-01
-4.332517184737571525e-01
-4.205330455708872206e-01
-4.113038023876701699e-01
-4.038781767474857176e-01
-3.983844880687030243e-01
-3.921341685632492857e-01
-3.879212106882420352e-01
-3.785682799179583280e-01
-3.698797253924340223e-01
-3.614176115218526442e-01
-3.566782640405270488e-01
-3.479898328410243602e-01
-3.462913513940581445e-01
-3.336073996195838554e-01
-3.273174108957638273e-01
-3.220672702975180823e-01
-3.081908122761763957e-01
-2.983786571907839913e-01
-2.924238990914176939e-01
-2.848121863132495046e-01
-2.747476676735619572e-01
-2.612737628195733741e-01
-2.486688552285515330e-01
-2.371211389555002436e-01
-2.304869225639064878e-01
-2.277547480879022479e-01
-2.103488542938234396e-01
-2.058267570055951345e-01
-1.970030680538664425e-01
-1.857041458942320922e-01
-1.843431769546485244e-01
-1.806634658560910267e-01
-1.716692910401840799e-01
-1.637164922037265546e-01
-1.568167696424979662e-01
-1.499856158983226828e-01
-1.398982513151109108e-01
-1.348295702050481548e-01
-1.250333718348166645e-01
-1.204515560933774876e-01
-1.110701693489397901e-01
-1.075714648199020823e-01
-9.740645310282539104e-02
-9.369612531306174830e-02
-8.251613202160670846e-02
-7.665096908306325008e-02
-7.253586942698549145e-02
-6.658996497495883737e-02
-5.910043829278215088e-02
-5.431212808815164689e-02
-4.878163663552745333e-02
-4.163650496248950950e-02
-3.113524903897095866e-02
-1.675039281260274487e-02
-8.217972987985650360e-03
-1.901230979377278125e-03
9.690306483657547048e-04
8.306124287530185224e-03
1.151335336867047136e-02
2.221626347469580001e-02
2.497544500615925950e-02
3.153582793256764355e-02
3.928014532058326375e-02
4.782523669810146566e-02
5.761919375561499329e-02
6.329379577437069249e-02
6.832034750903991094e-02
7.531730251910502549e-02
8.042076177478121868e-02
9.508587581041140491e-02
1.022503410379819594e-01
1.081079248132115894e-01
1.129043723253797676e-01
1.191597119525714399e-01
1.248309153400793542e-01
1.323602093458017825e-01
1.439588611146232211e-01
1.455780754057658388e-01
1.526243477303289575e-01
1.551984338821217335e-01
1.588273895994144758e-01
1.643336355259294168e-01
1.724359680934166028e-01
1.812779281202059889e-01
1.840952351466836057e-01
1.877803378713690519e-01
1.917514823742397512e-01
1.972393892169498897e-01
2.045131983502452289e-01
2.094985634668539987e-01
2.108403714727816736e-01
2.153389374687649238e-01
2.207166237821452659e-01
2.267294969426765505e-01
2.336781807655213261e-01
2.366894825400589486e-01
2.409587746984639678e-01
2.454999951485254961e-01
2.515778410744582971e-01
2.570590192741619151e-01
2.667939773879910437e-01
2.762165789959532547e-01
2.813081050437738484e-01
2.877545945023389784e-01
2.911269053098191617e-01
2.970453867701342565e-01
3.042243109075583596e-01
3.109205663966432276e-01
3.181080288645914966e-01
3.326501602018981374e-01
3.347128150627552423e-01
3.373443731536511780e-01
3.473153820862137642e-01
3.523482961491700149e-01
3.602824022735225395e-01
3.678511185400032413e-01
3.767285265735759170e-01
3.797859255370389375e-01
3.929459031913571376e-01
4.016486828430567702e-01
4.054711804975501543e-01
4.160189056195297552e-01
4.226003962563733563e-01
4.286608144292609057e-01
4.340062539449331402e-01
4.408358802254367381e-01
4.466446203856067609e-01
4.545272526064950136e-01
4.603152299287353033e-01
4.706951591144749036e-01
4.830051178420038394e-01
4.989776314931194667e-01
5.017972375187954581e-01
5.085077167215454885e-01
5.121137264212292095e-01
5.179097375763914712e-01
5.248705367183326143e-01
5.298106954947127134e-01
5.320708169104599872e-01
5.388367788215818743e-01
5.427129487827615506e-01
5.521058516527145299e-01
5.592869212693185599e-01
5.615181156794085693e-01
5.717380175926497499e-01
5.778729290442379263e-01
5.850249898536561410e-01
5.931566831309617038e-01
6.091053607836978134e-01
6.155737277503622318e-01
6.250022102964486459e-01
6.350403025535891199e-01
6.452413268217137565e-01
6.529503608145857951e-01
6.613419827169075838e-01
6.670661632549061970e-01
6.777577639224345862e-01
6.883221832914702132e-01
6.934993793103011450e-01
7.071756818274222978e-01
7.153710857163465553e-01
7.337196728843627946e-01
7.419604127334954446e-01
7.463092086100592271e-01
7.557377910435547630e-01
7.625529930889272112e-01
7.710030582298640356e-01
7.767320526487365706e-01
7.862527776688247316e-01
7.903147367447477256e-01
7.957950255471486489e-01
8.052542224191561182e-01
8.108225371470262344e-01
8.178108688361723777e-01
8.237432829504540699e-01
8.330704064751703886e-01
8.476079000266190100e-01
8.541092202601908712e-01
8.589573547438013046e-01
8.671021555568809713e-01
8.750913930413143360e-01
8.837463334631134870e-01
8.906978496149831059e-01
9.024185872671011133e-01
9.124779224528144494e-01
9.239124816386883321e-01
9.259791319189781822e-01
9.357845382551895907e-01
9.397637245498088321e-01
9.448141156585420086e-01
9.523805179546914745e-01
9.584754848270269356e-01
9.677418130339987545e-01
9.803764542989269470e-01
9.817146114548114255e-01
9.979064585544811239e-01
1.012336870712172043e+00
1.021684668494849735e+00
1.026292097398862513e+00
1.037116882763146952e+00
1.040278454245604278e+00
1.056907394013179013e+00
1.065168872394668176e+00
1.071564049229174476e+00
1.084516806845984283e+00
1.098161400356634676e+00
1.105071937074038946e+00
1.109969516524229816e+00
1.121049141910153368e+00
1.128881898111629312e+00
1.136610479468415313e+00
1.147347370954032275e+00
1.152448493469028001e+00
1.160881121049420539e+00
1.170508197742898382e+00
1.174321128908485612e+00
1.181818797304781787e+00
1.189770580563485280e+00
1.199343088059053875e+00
1.210987767578962204e+00
1.213917917618090092e+00
1.224955953394420982e+00
1.232301710152914564e+00
1.235673836247800805e+00
1.244713972428412196e+00
1.248931590495724331e+00
1.254043309877496792e+00
1.265832136407523789e+00
1.273087610804497727e+00
1.290900499451165473e+00
1.304293413835275306e+00
1.315577304228007449e+00
1.324722573475092480e+00
1.330028389205212491e+00
1.337408555831839152e+00
1.350050662028700943e+00
1.353581613114636539e+00
1.361858722455963955e+00
1.368403811830869676e+00
1.374554048974634846e+00
1.379559254761071774e+00
1.382766846851521514e+00
1.389639894477119553e+00
1.398618346074452345e+00
1.401022324271320896e+00
1.406283427878241010e+00
1.412462699219460216e+00
1.414955541159385488e+00
1.420679598028768309e+00
1.426368362046157579e+00
1.430916247221653226e+00
1.436637865552413240e+00
1.446125349586103725e+00
1.449109099129834100e+00
1.452468348706025481e+00
1.455497063794342072e+00
1.461628257978603074e+00
1.466918478796302994e+00
1.471023046806882340e+00
1.480152498235789205e+00
1.485626697267281582e+00
1.491348812144906555e+00
1.496629109307926919e+00
1.502340374936113498e+00
1.505256677390497400e+00
1.513682960631280272e+00
1.516277198925999770e+00
1.529167223267479336e+00
1.533143406554932531e+00
1.538520705969347091e+00
1.545617896081227682e+00
1.553785655609726479e+00
1.563237150384012786e+00
1.570886758215189749e+00
1.578684264101311019e+00
1.589464290366557231e+00
1.602560891095108131e+00
1.614925372281943661e+00
1.627306797339597821e+00
1.637071030002290595e+00
1.647979723761131776e+00
1.666421209221647493e+00
1.676180344249662557e+00
1.682024763194690298e+00
1.696966148451690026e+00
1.704233527693254535e+00
1.721863252065183314e+00
1.734122614901840054e+00
1.754025448640197604e+00
1.761176934901790281e+00
1.803731435536812810e+00
1.832241815033999410e+00
1.914843515823735798e+00
2.002742329630574858e+00
2.092012059003464319e+00
2.179487144190919601e+00
2.261971574077195513e+00
2.334526717849101818e+00
2.345358725179747417e+00
2.387861853139695345e+00
2.389016706679818469e+00
2.406687319316698659e+00
2.418115772213841552e+00
2.429170070747257881e+00
2.437322761753810685e+00
2.447865992747148667e+00
2.454747585506527052e+00
2.460540838184101631e+00
2.471611405749170931e+00
2.491628370810516468e+00
2.509125778592454559e+00
2.529961822306070029e+00
2.535373585619552284e+00
2.548814738609402664e+00
2.563563059495749474e+00
2.567981557943983972e+00
2.582052447768394376e+00
2.613749626645432311e+00
2.630081134408840615e+00
2.648166257548226543e+00
2.662123883468521246e+00
2.675374182543392543e+00
2.699889796238149398e+00
2.775101392381214893e+00
2.789588040681546310e+00
2.808556800994315594e+00
2.817740080720243956e+00
2.828150422206955561e+00
2.837360544328251688e+00
2.849656562089041945e+00
2.859946503416734398e+00
2.863627688781138936e+00
2.874814121314073212e+00
2.881478656525876758e+00
2.903279481018573804e+00
2.915170106856815657e+00
2.927324402957351968e+00
2.933722809544197840e+00
2.942761146844678155e+00
2.947097432635797709e+00
2.952021616042368013e+00
2.959360702640394525e+00
2.973158960319327360e+00
2.976214991030838419e+00
2.985774218840918870e+00
2.992221580186158914e+00
3.002651225277857439e+00
3.017303449979046537e+00
3.026611333883595378e+00
3.033281741596436376e+00
3.042891740092422026e+00
3.051750774351196682e+00
3.053413112891656844e+00
3.062848757511770437e+00
3.065420710948283389e+00
3.071023393568947490e+00
3.083589316328670282e+00
3.094953186625440722e+00
3.104136648865710946e+00
3.112447380551240261e+00
3.123545176166863779e+00
3.128762580085443279e+00
3.134123082118269732e+00
3.137920842945796540e+00
3.145755555759072841e+00
3.150031407944074324e+00
3.156238717612098288e+00
3.163961000880373131e+00
3.169200841333200902e+00
3.176616254126487515e+00
3.181972036135956916e+00
3.184889222484842630e+00
3.192833745233014220e+00
3.201705208784496826e+00
3.213977628328351432e+00
3.219916557837447790e+00
3.232627792742227335e+00
3.240364155572413196e+00
3.245220050553472735e+00
3.259338559844546346e+00
3.277367443456204121e+00
3.280349310538547059e+00
3.286257955648418605e+00
3.300345399591884998e+00
3.308973152305234144e+00
3.314049036010088489e+00
3.319366212150795192e+00
3.331059641702425189e+00
3.335592700510270792e+00
3.340577423061206197e+00
3.346562409325350096e+00
3.356494123239569305e+00
3.365636086097818502e+00
3.376582780931720151e+00
3.379685720616289579e+00
3.382461902237530627e+00
3.393398614415850556e+00
3.401019630095067470e+00
3.407045620860727375e+00
3.416031009521403927e+00
3.425203561111482831e+00
3.431992588234078490e+00
3.440871279114311232e+00
3.447928793678612713e+00
3.461270410921105878e+00
3.464900419305085855e+00
3.471609981125345357e+00
3.476117363001010041e+00
3.479103031481254327e+00
3.487553014384880523e+00
3.489867824272220531e+00
3.493783464945249051e+00
3.498350039100309949e+00
3.503064326841604181e+00
3.507218047961196739e+00
3.512009649243645448e+00
3.514615324824424292e+00
3.519183484327343070e+00
3.520357725271132221e+00
3.522235593588004754e+00
3.525438895163386377e+00
3.527560325781173844e+00
3.533291995491776749e+00
3.541715665389562062e+00
3.547702250187152906e+00
3.555765272994223292e+00
3.556652364088622509e+00
3.562802709052157457e+00
3.565245525104764113e+00
3.567683666812253573e+00
3.585738461540476596e+00
3.599132336450904468e+00
3.623077522796372296e+00
3.629509830191804287e+00
3.667528231635703406e+00
3.671351287456536827e+00
