-2.177046302709583284e-02
5.554537475501219145e-03
-1.555143269686478855e-02
-2.062542805305552385e-03
1.600097802675732803e-02
2.171416919629451381e-03
-3.304511588729198285e-02
2.195131218887880209e-02
5.658621929013334540e-04
-4.990706634250588166e-04
1.503938613675716469e-02
-1.621202858209145475e-02
1.128438463190391434e-02
8.653473009334701482e-03
-4.278140138743119145e-03
-1.440136319417448241e-02
-2.024218637902085519e-02
-8.987559380352548935e-03
4.878293132025847412e-03
2.844280536118948960e-03
1.683136561433997910e-02
1.086240170639060469e-02
1.386862000023013179e-02
8.262766358053647009e-03
2.167202192880226391e-02
7.799247770704065925e-04
4.427232512750357493e-03
3.508774838264590648e-03
3.899251166689341429e-03
8.208695726943146531e-03
-1.475154706122677566e-02
8.726142291502347534e-03
-8.517221919331231100e-03
-8.579211330218154685e-03
1.576960167175215852e-02
-3.227807612653923325e-03
2.195665885729196874e-03
-1.472425559503219876e-03
5.605732195680892919e-03
-2.058952316944523755e-02
6.251128863348381394e-04
7.833530600281139039e-03
1.703017445345496404e-03
-1.366803154555626745e-02
4.687486920691800833e-03
-2.227541059019534989e-02
-1.112598074524932118e-02
-1.731072500703328965e-02
-1.212374027892745322e-02
-3.190921363691985591e-03
3.346037801906453623e-03
4.473253486586632049e-03
-1.815368836321532009e-02
9.432643296183309753e-03
1.084149990085902550e-03
3.050925820549538203e-02
2.644253124762413476e-02
3.893505954710775943e-03
1.893904540864529973e-02
-2.389119806626945411e-02
2.180492615984263444e-02
1.936397217269190604e-02
-2.166514720220148044e-02
2.714462053608171152e-02
2.461115862453641320e-02
1.334352849681260918e-03
3.585283400908179791e-03
4.515526274750871968e-03
2.400851051181792511e-02
3.655101204813914536e-03
2.046129379728202358e-02
-3.081998753776921118e-02
-7.853253041724000266e-03
-3.111783863770749715e-03
-1.001669578621615549e-02
-2.732886155481811796e-03
2.139414917549448385e-03
1.492843603235967549e-02
-1.612978651987313772e-02
-1.618334275839423964e-02
1.983139315638315914e-02
1.459855748887488314e-02
-2.160640277744198257e-02
-1.452635547287356357e-03
-1.033797680899548564e-02
-3.004621539839694502e-02
1.706863973318512029e-03
8.114216976716211865e-03
1.472366858467807384e-02
2.427053670632511179e-02
-2.447428921045671085e-02
-9.571514811588067518e-04
1.122924352506618657e-02
3.053730241723513067e-02
-3.522925445207978658e-03
1.309410324182690849e-02
-3.518522966675095929e-03
-1.535662068775945840e-02
6.244491848937688827e-03
5.381413597487271286e-03
-3.140628574271341110e-04
-8.877306508105533081e-03
-6.987011651013466662e-03
-3.628287394781175203e-03
-4.829979111762437716e-03
5.681456349584668164e-03
-1.446037134654469362e-02
-9.986118722170745504e-03
-1.763509123019411928e-02
-2.536157173769688564e-02
1.243960275471150782e-02
-2.051726730433242780e-03
-6.118391718341118293e-03
-1.664921039165978209e-02
4.656531772415605647e-03
-5.316829181159770691e-03
-8.529168109413612017e-03
1.063033276749103528e-02
1.928637700917904332e-02
5.146821825322289018e-03
-7.075639891158136754e-03
-3.066113359984760835e-03
-1.482461193298798344e-02
1.881614905298769833e-02
-2.727032511360039102e-02
-4.465400359992695821e-03
2.174220524417708883e-02
1.007351049378166045e-02
-3.216634818879515745e-02
-1.642241959629473988e-02
-7.499000387799675642e-03
3.534259550286837463e-03
2.537062712286193567e-02
-1.571904516480637087e-02
5.641181560439231801e-03
-1.833513677755940069e-02
1.244655186154486164e-02
5.037253734478513816e-03
-3.927046596483062604e-03
-9.418185909760347710e-03
-1.320382779574538930e-02
-6.424315665068967666e-03
-8.466236661547530545e-03
2.506755264135557878e-03
-3.864958999278101607e-03
-2.142162615470815171e-02
-6.166977449455530655e-03
1.057194235869607715e-02
1.680620654059273439e-02
1.807267056020182491e-02
-1.483796683882291322e-02
-1.467470839685947742e-02
2.175392679265721399e-02
-1.970871450173052736e-02
-7.411188730207378915e-03
3.249973030279033892e-02
-3.048981563123070310e-02
6.686084735010908164e-03
-3.276772740530270629e-03
-8.093129925003080330e-03
-7.068898095583706423e-03
-9.442388398088816595e-03
-1.061009234445421320e-02
9.218841190073701758e-03
-5.342292667666194254e-03
2.598160278789713937e-03
-3.222022211339496678e-02
-2.594417825238609296e-02
-7.661562263461410040e-03
-4.731068324194184077e-02
9.569142320077097738e-03
4.776548612755923510e-03
5.041515944470272709e-03
5.475874488914097941e-03
2.612963210424212607e-03
-7.874614818284315573e-03
-1.554298703677196771e-03
-3.599280557857745949e-03
1.694211361850949532e-03
-3.440879107127388370e-02
-2.356654516344358977e-02
2.218647449034139019e-02
1.430768503427640344e-02
1.084567040077039947e-02
-1.704232980421696575e-02
2.474970349923813831e-02
-3.645102706718524738e-02
3.396541111046549443e-03
8.294606858878585164e-04
-3.064891751199397101e-03
6.154459086348724323e-03
1.349272579579933844e-02
-1.094395862056128828e-02
-9.122168624510243809e-03
-7.920327643535052947e-03
-2.037400011291282120e-02
-8.201711251244986171e-04
6.877060945897392474e-03
-3.492182285096980671e-03
-1.830484253495408969e-03
1.381360761510515636e-02
-1.125479533429419275e-02
1.054903313124986794e-02
2.793958637123731062e-02
1.422012214234053299e-03
3.361478247973833950e-03
-5.964490636574601434e-03
1.449762149764432205e-02
-2.076751252653291288e-02
-5.513363330545589108e-02
-1.090600476980289543e-02
-1.896323484636631973e-02
6.470738188520730461e-03
1.814525420645621626e-02
2.821365753526211897e-02
3.308712285342781112e-02
-3.464219419355365343e-02
-2.395539381907793239e-02
-1.078837178699501055e-02
2.835327097756711046e-02
6.514366762978907217e-03
-1.444216205646679622e-02
1.831702448199548292e-02
-1.058835655770388670e-02
-1.336509172352490921e-02
-8.012103955827899054e-03
1.885399266497878382e-02
9.719680948289307829e-03
-2.116189449097354361e-02
-1.884652974081096888e-02
1.088751253428573915e-02
1.435563824752586265e-03
-5.449949433797673069e-03
-3.086698318566314519e-03
8.915523716013168745e-03
1.227652302642469155e-02
-1.362082498489580393e-02
1.084324241949450630e-02
-4.125811886478696067e-02
-1.386215106781944761e-02
-6.726532506454068264e-03
1.210686672591505982e-02
-6.838173227250875577e-03
-2.053481109669607133e-02
-1.084902891463347674e-02
-3.528494011992343304e-02
-2.654404064768341523e-02
-1.328673029642908100e-02
-9.751132888945083588e-04
-4.401405918487124626e-03
1.684825517617674281e-02
-1.989698094736501791e-02
-1.489076767871312830e-02
9.112174911498079066e-03
1.450560746708988262e-02
7.001756103838534598e-03
-1.608318668494228623e-02
-1.418294766970813227e-02
2.352867429088299853e-03
-3.432182451206185030e-03
3.412580561697379361e-02
-1.956441970100429237e-02
2.738663768274219104e-03
-2.708284117047358996e-02
-7.359367860088766172e-03
3.268530382743729118e-02
-1.141787898460084293e-02
-5.347998864060679418e-03
-1.557456915959969795e-02
-2.059578509896449472e-02
3.722536943881319706e-03
-1.645765469926598057e-02
1.303733905699765465e-03
-1.055707093278842462e-02
-7.097153046142326213e-03
7.829056919405117179e-03
2.145486329302463170e-03
-1.555984603295142502e-02
2.769670608392681838e-02
2.666147620375381062e-03
3.462626748462623721e-02
-3.725484715134082421e-03
2.147267784990146736e-04
-2.235346214942891471e-02
-4.613025512156122832e-02
2.977515682732729055e-02
-1.942492591677263958e-02
-4.998513779044677294e-03
5.499855280186618373e-03
5.453566434736084774e-03
1.535023203940719290e-02
3.700267732688154732e-02
2.101995250300920520e-02
-1.692035088784851760e-02
-1.205734092873143003e-02
-1.934474017973811244e-02
-4.916234208549126981e-03
-1.694025179341419537e-02
-1.520531295685595766e-02
7.626678042609005316e-03
4.877092810464726987e-03
-8.529069783870808774e-03
-2.819672319622401092e-03
1.060096437822881897e-02
-8.635217483305851222e-04
-8.498787434855506473e-03
-1.920349272096875601e-02
2.834610308147167499e-03
3.817528349526911041e-03
3.171157744557404762e-02
-3.825011795105876227e-03
-2.887305016489219878e-03
-2.783903555817996561e-02
-1.425878709383253742e-02
-5.310787197265145164e-03
-2.924464210491990040e-02
1.322213497918164719e-02
2.357140960532837573e-02
-1.021482778722860620e-02
5.299928349329715953e-03
-2.205477439047675778e-03
1.819554815329414710e-02
1.337683891913073360e-02
-7.332751054263775964e-03
-2.798937657322879413e-02
2.280744199404783137e-02
-4.019042337295829909e-02
-4.306714485394690269e-03
-2.850628538889155104e-03
8.146585650422505376e-03
-1.475172494644599224e-03
-6.908298704194858024e-03
2.619558551354333326e-02
-3.398550928771403024e-02
-8.704656358252372064e-03
-2.521699833136006007e-03
-8.307303985836206328e-03
7.757925694654997303e-03
-1.789556330290396902e-02
2.054525822659017051e-02
-3.557959241506564608e-03
9.652061112661073153e-03
4.704461412328647847e-03
1.762900606642571824e-02
7.258377405609814717e-03
-7.899816228452868211e-03
1.454412620047023904e-04
-2.445542545985134476e-03
-6.150133729182430918e-03
2.974182554108258450e-02
-4.915644749295149628e-03
6.331215167389618939e-03
1.126619087878013604e-02
1.478989224920258978e-02
1.173875060790458350e-02
6.040673899378187252e-03
6.555638348845795049e-03
2.218832560657402458e-03
1.948014551204871325e-02
2.243828001156322749e-02
-1.225960817994102905e-02
-9.642568627851070412e-03
-1.306962257812729379e-02
-2.903093610870007002e-02
3.585445512039174554e-02
2.101455347166646809e-02
3.527086985095972699e-03
-9.994733404661469700e-03
-1.031950736426911173e-02
-1.464839923518772985e-02
-8.588567295395583071e-03
2.860038137296181011e-03
-1.693286515012095567e-02
2.061657581956601124e-03
-7.746146151519335034e-03
1.590629410192677048e-02
1.445137115474722130e-02
1.759170717680975243e-02
6.104102173381308581e-03
1.340577215002771057e-02
-2.074097751140184173e-02
-3.201293618620294334e-03
1.001653490605089285e-02
5.235428229330888784e-03
9.051249495999108899e-03
-1.205966078072065462e-02
-1.192177349056207022e-02
7.693548942821629502e-03
-1.048784878628787783e-02
-6.026788896101488088e-03
-1.296919576495563983e-02
-1.375730443917113840e-02
-1.648024505949422305e-02
-1.119323862701270336e-02
3.740265262276288791e-03
1.630884801187035271e-02
2.345310601707051648e-02
-1.033132279177171979e-02
-2.034681071497644253e-02
3.359127274473036606e-02
7.938881117104400892e-03
3.086975216690251989e-02
-1.040442851740937431e-02
1.423295050340917488e-02
-1.692472892275664539e-02
-2.439062939750504325e-02
-1.599746647227308360e-02
-2.670777929467496072e-03
2.826850835168972023e-02
-5.852127683068832770e-03
-1.964093162998570286e-02
5.897112784535239434e-04
-1.722343699862587812e-02
-5.575017655000488563e-03
-6.209587932882158594e-03
7.448978383045953659e-03
6.597788200785784964e-03
2.723933471791869891e-03
2.048244894971698940e-02
3.159479350413229443e-03
-1.114540626786206939e-02
1.444326731997835553e-02
-3.899742386725844803e-04
-1.477610012990853566e-02
-1.495098850514195617e-02
2.784301398525736160e-02
-4.635444311468286949e-02
4.847318005716689041e-03
-2.957503978958957083e-03
4.864779880681672185e-03
1.656171619767754163e-03
5.659024497830084793e-03
1.873911103025642164e-02
1.642583113576561761e-03
1.658340548193399863e-03
3.083901942210337879e-02
1.728154141383250741e-02
8.358868361051487519e-03
7.359488396062993133e-03
-3.496299569751050180e-03
1.383350815359677202e-02
-8.602371357664439014e-03
-1.269799671779002319e-02
5.218952582636834404e-03
-5.590806917008826543e-04
-2.077433610857564589e-02
-1.862373046896253700e-02
-2.788270818494990866e-02
1.768012999349968242e-03
-5.019220245143340975e-03
-1.446540167351832371e-02
1.906225696219879598e-02
3.392507881847106090e-03
1.896193901007880295e-02
1.707477167219410407e-03
2.859969042128749674e-03
-6.113431491039818949e-03
7.452796682276580098e-03
-5.111215267425067883e-03
-1.637799858897745139e-02
3.057011006704295555e-02
-1.049958404842924256e-02
-8.765616397123858483e-03
1.343863214341734814e-02
-3.561786509700660096e-04
1.145937250885418340e-02
-1.040274779373628715e-02
-1.088876774328274843e-02
-3.389098236500002331e-02
-5.140800278110187714e-03
-4.624474864195815549e-02
1.045582413671685730e-02
1.984692571326008084e-02
2.078309691870549453e-02
-4.002878343459700256e-02
-1.160566726577105454e-02
-8.771919898152851988e-03
3.558915063014534731e-03
3.096244198746322951e-02
-1.475410937908945910e-02
-1.511316396703363957e-02
-9.614416436524093543e-03
-1.303927018455568361e-02
-5.918950462988866942e-03
5.794332230909094925e-03
-2.242630538264933984e-02
1.370726763192958893e-02
-5.438031944406445696e-03
1.033798540644473296e-02
6.267703727934286102e-03
-2.598320048767193552e-02
1.377634293598794558e-02
4.781138708291963156e-03
4.836380022060567823e-04
-5.771898955531706843e-02
1.218327451575948461e-02
-1.265762590182972769e-02
-1.441116019545479222e-02
-2.368093322811473667e-02
2.481518681781680422e-03
2.241349159936928750e-02
1.761270039681448601e-02
-2.936088742200696194e-03
-4.883250799596184841e-03
1.097337859050585319e-02
2.438644007094126209e-02
-1.635935187852450082e-02
1.388356836270236185e-02
9.936037148632125698e-03
9.546893618770391568e-03
-1.810498818986076147e-02
-3.338015434551501828e-04
-1.041440468147095642e-02
1.225045456942977506e-02
2.473494456622751456e-02
-2.116951245873507220e-02
-1.899691125493114174e-03
7.780329405009457286e-03
-1.201145031808592382e-02
1.619467347917083466e-02
1.578628211668186773e-02
7.527950836348943492e-03
1.191515957692407431e-02
1.727670111104739545e-02
-5.529911158431057537e-03
-2.671618570056305889e-02
-1.634283730323677145e-02
-5.794494176634504626e-03
3.711020045267247186e-02
-1.963884928924049950e-02
2.551377617034097586e-02
1.658487542913605504e-03
-1.963250040074963551e-02
1.718397847320897107e-02
-2.021889428757933649e-02
-1.946467304909332147e-02
-1.355980402224554217e-02
1.827565913230542322e-02
-7.217395299041027982e-04
6.003328632460340659e-03
-1.396530611008759901e-02
1.463342287939904673e-02
3.172473075608043397e-02
-1.081366085829632562e-02
9.815474954882295877e-03
1.920565812991102336e-02
-9.329706647316974438e-03
1.925716240761625800e-02
-1.640118346045753295e-02
-1.722012465815819099e-02
1.431967815765103000e-02
-3.194544570967346869e-02
-1.580129236229470963e-02
4.599007629998220353e-02
2.564893592625393237e-02
2.425268912680170598e-04
7.029747385041518887e-03
4.330362259835258271e-03
4.781122696100418255e-03
-2.171346235166188993e-02
1.802336737001685352e-04
1.270717689345763398e-03
3.655667574510055879e-03
-1.134097357607534440e-03
-1.202239125394992912e-03
-2.347749502344323794e-03
1.267362771433466762e-02
-1.626059479897561805e-02
-3.362525237489798202e-02
-3.183167203733807370e-03
2.411954102576781625e-02
-2.377778236701132315e-03
1.543561687086637303e-02
-2.085947434177597148e-02
-1.631324431443924999e-02
7.236606330892541260e-03
-1.565486102509501543e-02
1.168092065771934168e-02
2.549336386493297052e-02
1.297680752151801620e-02
-2.238698441831115868e-03
1.629014893842303151e-03
8.495057319041045621e-03
-3.820783987171352813e-03
-1.067202548887057414e-02
5.468172603777834463e-03
-5.578926948354695665e-03
-3.177840736531724851e-03
5.391202770496359743e-03
-1.435627630077383754e-02
3.077057593977421818e-02
1.051883878292704348e-02
9.432551821726718744e-03
-2.558435464172162908e-03
-1.453278262526279483e-04
-3.372321871867694533e-03
-9.463063169375575054e-03
-5.990312240184409928e-03
2.232771892374049369e-02
-1.890550927506971443e-02
1.523506895270494016e-02
-1.179379297236757967e-02
-4.828019252522540439e-03
3.522130314708701426e-03
9.688304280859082532e-03
-2.696902336447428924e-02
6.523169353479997545e-03
-3.513567073523247292e-02
-5.376467801110922616e-03
-2.165794617336489966e-02
-9.577908274197102084e-03
-2.938429849733160612e-02
-2.292411665389578346e-03
1.428239004807777685e-02
6.811357935382059657e-03
1.546569383642451209e-02
1.473679957953131538e-02
5.789702261020638783e-04
-1.217335055389386425e-02
-1.600177237828554963e-02
-1.826535645831119450e-02
-2.815213473849221756e-02
1.651990120328260953e-02
2.440375581822715537e-02
9.574274132251099634e-03
-2.801460455784187883e-02
-1.490907204049874389e-02
-1.190344982601689722e-02
-5.419591966605587750e-04
-5.960220346714268855e-03
3.851722606655667673e-03
1.289449784446256714e-02
-2.117693919523926799e-02
6.263831347819394900e-03
5.517949285955068076e-03
6.760315970196126810e-04
1.269838927737799474e-02
-2.147182133428584411e-02
1.325774708318777292e-02
-5.065312932435796743e-03
2.920715800769373843e-02
-2.336862542214656821e-02
-1.279978302308686956e-02
1.567168401498899785e-02
7.795674421988808313e-03
2.057214388555370782e-02
1.033723724658899314e-02
-1.412051063750747321e-02
-2.377293184034420456e-02
-1.102989632796761137e-03
-2.057312939278843969e-02
1.355327890172999643e-02
1.581228444142565885e-03
-3.757749386048263567e-03
-2.279952346981942504e-02
3.723621137006648957e-03
1.552839444103639062e-02
-4.777850907527576678e-03
9.786298101592713974e-03
-4.260617988928194939e-03
5.609369817951503304e-04
1.246453940504433852e-02
1.323487356556584879e-02
1.015485648980384188e-02
6.825080555473594934e-03
-2.506742114335986163e-02
-1.834557767060792516e-02
1.227051592388225983e-02
3.959773479378998068e-03
-1.428867339113021849e-02
1.798978614653606173e-02
2.040980854038557286e-03
1.003061921013309078e-02
-2.704269520084333356e-02
-1.023039675882128109e-02
2.153040688864959681e-02
-1.833545901720309975e-03
-4.338782021655286647e-02
1.583874501435539447e-03
-6.636382375188689710e-03
-1.943424089194506835e-02
1.036834066583156022e-02
1.845774209692653892e-02
-8.190707532738808125e-03
2.586870303245737690e-02
-4.866971369653053277e-03
-3.455159621209057119e-02
1.119129689940780679e-02
-2.887426291952086433e-03
7.450685007509794296e-03
-6.911098798143173148e-03
-1.234618609768263833e-02
3.455517874989819278e-03
7.130031890809590371e-04
-1.077012971256714226e-02
-2.159552766850597692e-03
4.204448628799796472e-02
-1.715442267931592546e-02
5.836154500929498050e-03
-2.372817890878745756e-02
6.818163591782099367e-03
