4.450000000000000178e+00
-3.017129765874629665e+00
-2.960974887870951644e+00
-2.946408428265214319e+00
-2.864842523905791083e+00
-2.834466087581852367e+00
-2.817888934751184404e+00
-2.817238536067561139e+00
-2.814915486921941934e+00
-2.805601846702099333e+00
-2.794052792123687290e+00
-2.778646505946524403e+00
-2.778264647408128063e+00
-2.749926110330202178e+00
-2.746253050268872897e+00
-2.744350160755558932e+00
-2.737822025056307673e+00
-2.733885975287007053e+00
-2.729276346191220615e+00
-2.719531843576451724e+00
-2.714509701121524454e+00
-2.707287168342192629e+00
-2.705901599810916380e+00
-2.685550574193780626e+00
-2.675151528495610442e+00
-2.671989516835703515e+00
-2.652926034328422222e+00
-2.648080516701677212e+00
-2.635184464789620318e+00
-2.632770962233554002e+00
-2.621463149028718131e+00
-2.599639388130366768e+00
-2.592276256292471270e+00
-2.588570522666699514e+00
-2.583298382613614219e+00
-2.574393448267977558e+00
-2.567723629821546449e+00
-2.562610043199264886e+00
-2.553188793987738681e+00
-2.549236949831311438e+00
-2.545905540836641112e+00
-2.534052537662118798e+00
-2.518855888889174555e+00
-2.507329471256804165e+00
-2.500679014229713282e+00
-2.494474576173384417e+00
-2.491781535907075185e+00
-2.487431650769352576e+00
-2.482214815522458373e+00
-2.461622648900367860e+00
-2.454900354773370541e+00
-2.451885414010966713e+00
-2.434638208076597810e+00
-2.429799101462710276e+00
-2.421245885918525520e+00
-2.412889907108080489e+00
-2.399292123253821796e+00
-2.394561070365442301e+00
-2.391775052445785477e+00
-2.380782770474248800e+00
-2.370146174187929944e+00
-2.363357202101434851e+00
-2.355151876665032784e+00
-2.353415341224759150e+00
-2.347476160829980341e+00
-2.345856462665283360e+00
-2.341169122020972271e+00
-2.328813730554607275e+00
-2.325811149218012019e+00
-2.318253387106962382e+00
-2.315156141207947105e+00
-2.305701047572553009e+00
-2.286979581261440408e+00
-2.277496974167958932e+00
-2.268187730588880235e+00
-2.257687087050877395e+00
-2.254646036458241909e+00
-2.251471294894326736e+00
-2.241792633993870076e+00
-2.228391863023965858e+00
-2.224283400363888497e+00
-2.213803807899709319e+00
-2.205995917416263996e+00
-2.187388003382306767e+00
-2.177217236732131411e+00
-2.170708376825447594e+00
-2.159399950793015943e+00
-2.151235014144165625e+00
-2.139938353281172656e+00
-2.133214115899992436e+00
-2.130173694640041582e+00
-2.123772226867449042e+00
-2.114900742717408466e+00
-2.104990773061830911e+00
-2.085582138338890168e+00
-2.077809467217427652e+00
-2.073692402656265976e+00
-2.068207592090830715e+00
-2.058761836543920865e+00
-2.046048550401408761e+00
-2.042769314137216963e+00
-2.035188902832703928e+00
-2.020171038825588017e+00
-2.005472376849995353e+00
-1.997027477256950068e+00
-1.979535517155343260e+00
-1.967946364643875512e+00
-1.963817234482160723e+00
-1.958900547150081106e+00
-1.928260565148200101e+00
-1.907138203124747244e+00
-1.901129621019280291e+00
-1.874532893600718397e+00
-1.855080191018896763e+00
-1.845325017279427771e+00
-1.817952365369595258e+00
-1.808291197488518298e+00
-1.800386728351925703e+00
-1.771081941196599230e+00
-1.748610061325631015e+00
-1.740376541422871792e+00
-1.729468678636798762e+00
-1.720424565929988159e+00
-1.700473985686019818e+00
-1.690156653952924470e+00
-1.681906378618216902e+00
-1.666697209102734112e+00
-1.649989427631036731e+00
-1.646021589048377365e+00
-1.632690534290971662e+00
-1.630434961778457925e+00
-1.620713327230920209e+00
-1.603291001406066618e+00
-1.590746388253931665e+00
-1.573800573294115823e+00
-1.562048947332296933e+00
-1.535717005675989677e+00
-1.529466307814834503e+00
-1.487866806218189009e+00
-1.431880765612701278e+00
-1.419427517538718320e+00
-1.343860430507833881e+00
-1.265069294693370150e+00
-1.186331892973621072e+00
-1.111011754002608987e+00
-1.044812877424889042e+00
-1.018043382196909485e+00
-1.009457325352462798e+00
-9.824296471270997921e-01
-9.719363922949677548e-01
-9.480319937089842774e-01
-9.366891009516958855e-01
-9.241317429708499898e-01
-9.125885350127651563e-01
-8.982516205601190906e-01
-8.814069181553230159e-01
-8.632543149469905641e-01
-8.573670441561097588e-01
-8.378398315246080585e-01
-8.327489810364511191e-01
-8.258780877340952120e-01
-8.181308067421588781e-01
-8.006248560196241870e-01
-7.952823494415378613e-01
-7.812015575781304788e-01
-7.796877465712950261e-01
-7.729462935009189239e-01
-7.659316367418268490e-01
-7.573458904645216094e-01
-7.519477675084641488e-01
-7.470593329947385897e-01
-7.367653748839264605e-01
-7.254574407312478490e-01
-7.186164214125364547e-01
-7.090659020557374959e-01
-7.035459389711790079e-01
-6.921939466934960983e-01
-6.894568180647979716e-01
-6.792648925925269809e-01
-6.774083824403763776e-01
-6.710734445879916743e-01
-6.639199565300669681e-01
-6.584247627317179052e-01
-6.522094694279526594e-01
-6.457483080354609051e-01
-6.395054374244617534e-01
-6.313130458496938324e-01
-6.248580161465580041e-01
-6.166788257267498130e-01
-6.084842069114964058e-01
-6.002896620993796173e-01
-5.964083168873132168e-01
-5.818722537484153357e-01
-5.749388315341685818e-01
-5.692252003155083839e-01
-5.635727975007628343e-01
-5.544114840533377331e-01
-5.492892204587844773e-01
-5.423316538768333528e-01
-5.355707194890556577e-01
-5.299011072691238722e-01
-5.254666793134542546e-01
-5.147127069284096468e-01
-5.084795224123289659e-01
-4.980272229359682945e-01
-4.929089125183202524e-01
-4.833240838148240015e-01
-4.711309889574550880e-01
-4.655841534671184556e-01
-4.510147782778840542e-01
-4.445573155362741447e-01
-4.349782653846563374e-01
-4.222496395272325453e-01
-4.159513038199619817e-01
-4.075431812033228351e-01
-4.018668680985051922e-01
-3.943127827879729375e-01
-3.818303377567259238e-01
-3.703083509948875141e-01
-3.607513473613518928e-01
-3.445809970266870415e-01
-3.408542150445721397e-01
-3.347732033272845520e-01
-3.248177564912419490e-01
-3.164250917722736811e-01
-3.086076736555528055e-01
-3.003535526069578410e-01
-2.959417202207974551e-01
-2.860016508015719716e-01
-2.754186340810771960e-01
-2.569172807002187975e-01
-2.409387974372325936e-01
-2.347747938014909386e-01
-2.280277985298905796e-01
-2.196710924058155878e-01
-2.054638263921924057e-01
-2.011920651686064931e-01
-1.956091730973400500e-01
-1.914249462881671415e-01
-1.833742294147905905e-01
-1.689559944731516550e-01
-1.634537371616035517e-01
-1.567467856033709916e-01
-1.527895236989887107e-01
-1.461554389902427753e-01
-1.307684334769377843e-01
-1.214025885091625234e-01
-1.191178456995330287e-01
-1.108220895847530640e-01
-1.049400138331261223e-01
-8.999183602273776172e-02
-8.271395033132644681e-02
-7.578965074915011702e-02
-6.922873417203756485e-02
-6.121970290815209603e-02
-5.170491690002374657e-02
-4.318887690306983523e-02
-2.536389305865956525e-02
-1.943573155098771849e-02
-1.231799981882055785e-02
-5.630445954892645405e-03
8.303927415168154205e-03
2.000723670683662858e-02
2.398535239171596667e-02
3.927136527347127593e-02
4.597556766299682601e-02
5.579135728854757448e-02
6.501609899620094946e-02
7.478346136205080152e-02
7.984544995973501258e-02
8.667724405736057514e-02
9.170384218248131547e-02
1.005524262034767219e-01
1.058050446079225049e-01
1.208537029080587744e-01
1.268629886903755721e-01
1.312130381759132325e-01
1.439126803288564016e-01
1.518083463280850975e-01
1.625118338821941177e-01
1.735287475524102674e-01
1.761130338357185243e-01
1.825054256740425707e-01
1.877331519668690718e-01
1.974995256522399656e-01
2.080369877468466189e-01
2.165629839305102111e-01
2.236601720537406968e-01
2.306902987899531188e-01
2.413614243633472323e-01
2.472739979215412276e-01
2.521267293955563038e-01
2.552478381301168664e-01
2.656340245694687185e-01
2.754688010242973828e-01
2.811163123718488643e-01
2.850653370850398938e-01
2.915044969453239321e-01
2.968179176293017085e-01
3.120531132346437420e-01
3.157385693035559826e-01
3.256038102968105696e-01
3.287972392335562488e-01
3.351907527965482525e-01
3.460640764794285507e-01
3.531759594024051485e-01
3.607649647340055443e-01
3.665154712050530672e-01
3.704088115844118567e-01
3.786880622550553577e-01
3.917270199695453425e-01
3.975421802259996862e-01
4.072894667332910834e-01
4.150823014271719513e-01
4.200512001224647740e-01
4.255784562637278112e-01
4.352426126485666735e-01
4.386807763841814034e-01
4.514096604207246677e-01
4.530793452358974904e-01
4.594509218948528706e-01
4.663888052328078460e-01
4.732940262518982588e-01
4.808816486820527425e-01
4.909473044785573892e-01
4.952421166010959053e-01
4.990037618970548650e-01
5.128293841199866865e-01
5.200152262987469687e-01
5.237356779860278255e-01
5.324816076860130476e-01
5.401653757403763745e-01
5.478962393343099757e-01
5.547513200100944175e-01
5.615052249201754053e-01
5.671792296612245821e-01
5.743760164595563822e-01
5.807479518442025812e-01
5.887860382303919948e-01
5.915617481917218035e-01
6.036136946612498111e-01
6.080843747779685060e-01
6.157155149364832436e-01
6.175850337814638991e-01
6.272605068693961616e-01
6.343759466089766708e-01
6.378636424107374525e-01
6.417119350672720879e-01
6.529944726400219723e-01
6.572844314591073100e-01
6.659091467115091367e-01
6.754458764805759685e-01
6.812120560035521688e-01
6.927890147807711507e-01
6.966935373823143207e-01
7.099434191134552652e-01
7.146545031578050988e-01
7.165855340970621601e-01
7.244309384022735721e-01
7.305273375850608319e-01
7.435213137836708119e-01
7.487107462196931351e-01
7.524604473395803961e-01
7.644206753392434051e-01
7.673588766587158272e-01
7.741551500959193977e-01
7.825962299455715421e-01
7.956576438511979710e-01
7.995084502297093998e-01
8.105725487676114227e-01
8.157938199123763168e-01
8.236064173086059537e-01
8.333297960486715228e-01
8.356785004841628117e-01
8.423109645333173301e-01
8.468732428208289864e-01
8.570740534592662385e-01
8.613217262111617645e-01
8.751110018159479198e-01
8.785619927294490150e-01
8.881218836771115344e-01
8.944837681920055905e-01
9.012128926370536197e-01
9.094564147631317708e-01
9.131785385678479194e-01
9.248611710887614246e-01
9.334885797510270589e-01
9.374834043147663998e-01
9.509100130731763523e-01
9.585423430306334591e-01
9.679100167543246425e-01
9.744027462547416585e-01
9.779341164379866669e-01
9.822991532611596854e-01
9.916591760697394120e-01
9.971757339309349488e-01
1.003801107948535387e+00
1.014353876760374140e+00
1.021393642211313013e+00
1.028225090804117725e+00
1.036732241175186475e+00
1.042942683975120799e+00
1.048628549717266933e+00
1.055353733541157357e+00
1.066000732799206041e+00
1.067837019276994592e+00
1.080013978336850089e+00
1.092328621079294182e+00
1.099444272327204652e+00
1.114155154738057707e+00
1.118901113910906853e+00
1.126844400801255697e+00
1.133345788173753865e+00
1.139446964415838259e+00
1.150187848206862373e+00
1.153000927101005546e+00
1.162266645023023459e+00
1.167874393837098124e+00
1.174504350287693510e+00
1.183441904891002761e+00
1.191679834096925461e+00
1.196565047338923771e+00
1.207069668378899507e+00
1.218960753906705774e+00
1.225499167805937040e+00
1.230490341250251696e+00
1.237986407195887262e+00
1.242445957230607689e+00
1.250462771621058566e+00
1.265312824394623892e+00
1.271257978339277228e+00
1.274889215851761959e+00
1.290186454223003931e+00
1.300486849394550726e+00
1.310410400397125086e+00
1.321017290940157185e+00
1.330418962468414401e+00
1.337739712607315834e+00
1.346179302798385713e+00
1.352731931061083470e+00
1.357495815781317949e+00
1.374756244710735320e+00
1.380370163101351855e+00
1.385618732456675994e+00
1.396962198228674401e+00
1.405524193655339760e+00
1.416041087288239630e+00
1.421571929376442611e+00
1.426607207736586558e+00
1.435923684967890690e+00
1.446607884849500758e+00
1.448688851129058985e+00
1.455331454055591500e+00
1.465329997131325390e+00
1.474188127318816655e+00
1.489794983687537488e+00
1.498157961415399697e+00
1.504441240581413597e+00
1.514856342895474883e+00
1.521098543757565702e+00
1.529182985437639974e+00
1.547468576229773962e+00
1.551395460896285439e+00
1.558493326085679920e+00
1.565250524914128638e+00
1.583438815405814548e+00
1.591354283881205811e+00
1.595987706564914621e+00
1.605027065246978912e+00
1.606556141496617629e+00
1.621137204600733517e+00
1.629298756450863195e+00
1.637227852172445708e+00
1.642155651430925678e+00
1.654307813863357568e+00
1.661466884378704156e+00
1.671767320731894602e+00
1.679222218472960382e+00
1.684234988221287033e+00
1.694276768450930559e+00
1.702922212839306448e+00
1.709156054848638417e+00
1.714455755963563588e+00
1.729722702870412299e+00
1.736465212183887941e+00
1.740724884371829484e+00
1.745111926317031603e+00
1.751630833550163802e+00
1.760240036784093354e+00
1.766460684840033490e+00
1.779076135195370556e+00
1.786951659979499674e+00
1.793747804167344917e+00
1.800021929161528256e+00
1.806931144220887964e+00
1.813453598792949872e+00
1.819236188999581616e+00
1.824555587590991124e+00
1.830194682317480392e+00
1.832312995403726053e+00
1.839330002359620631e+00
1.855678406478953768e+00
1.862294251580377091e+00
1.865017123128171805e+00
1.873714181083639740e+00
1.883276413831082019e+00
1.891105380070601694e+00
1.897232897419643516e+00
1.902022538578911570e+00
1.913551381757744307e+00
1.921348471007245484e+00
1.925751981163638771e+00
1.942599482959749269e+00
1.953474273817972451e+00
1.960950614938600012e+00
1.968238526518821363e+00
1.978097623346056988e+00
1.986138273083524863e+00
1.991500871782021287e+00
1.998293112400617133e+00
2.013474382917495920e+00
2.018190802696445907e+00
2.027892755820384085e+00
2.033810498126761068e+00
2.044226381235878076e+00
2.059143237900821433e+00
2.064910318135285916e+00
2.071720016490918415e+00
2.084661728801872727e+00
2.098384505454528703e+00
2.103193168784438516e+00
2.117442237850897246e+00
2.123881620705800444e+00
2.134727856155026249e+00
2.147470522959052275e+00
2.161577753807902624e+00
2.175241762360436759e+00
2.188768505206254655e+00
2.196762628846367083e+00
2.218121301587987038e+00
2.249720497170513589e+00
2.263379880627582441e+00
2.277450576231233370e+00
2.327861937734553521e+00
2.330513402157245118e+00
2.406386240990996850e+00
2.488177861605467722e+00
2.490948208692087995e+00
2.575545644509285914e+00
2.656391461966374656e+00
2.720399276757063056e+00
2.734956798554810220e+00
2.758869289035707162e+00
2.783346784476626201e+00
2.809060205274129807e+00
2.822826630826303251e+00
2.833266735992861829e+00
2.839679006127578731e+00
2.857288771516725223e+00
2.870726029378351640e+00
2.888990025609365464e+00
2.900150753319628461e+00
2.913673333471968441e+00
2.925013686384946077e+00
2.936256708990821807e+00
2.942030421155978459e+00
2.970877215455075326e+00
2.984924007920394029e+00
3.005399759779372459e+00
3.020626959404896450e+00
3.049394201001605076e+00
3.067918504985658767e+00
3.079256273463559346e+00
3.104717770255033482e+00
3.131633639637775079e+00
3.149371005326168316e+00
3.178964666835660147e+00
3.186495805342051568e+00
3.211692143697640223e+00
3.217677583790239382e+00
3.225138800752739510e+00
3.238208407564407754e+00
3.258012301702654323e+00
3.269977746751370873e+00
3.278538614686853592e+00
3.284392644875177680e+00
3.291037481319206925e+00
3.307011048678864196e+00
3.314791480728704443e+00
3.328667160713882467e+00
3.334551676122596398e+00
3.343424332273729593e+00
3.350627721312312790e+00
3.358177392024660701e+00
3.366883523395064692e+00
3.374544083203146805e+00
3.397699984578132160e+00
3.400105696394628119e+00
3.409649657398621247e+00
3.424478218448025579e+00
3.437039424541091570e+00
3.449915533198805839e+00
3.455757530378075426e+00
3.459106005242683413e+00
3.468723582698955532e+00
3.481002559370336868e+00
3.486456699614450372e+00
3.498429863017707309e+00
3.504792436284007717e+00
3.515851828909204446e+00
3.531453456864693141e+00
3.535482730681944741e+00
3.542919649224976375e+00
3.548987031211217502e+00
3.553299687362815096e+00
3.579602192750928502e+00
3.587173027417608573e+00
3.593866384722738339e+00
3.606703944142256368e+00
3.611137227603969713e+00
3.618598716680753391e+00
3.631886184352831837e+00
3.635711518074197457e+00
3.638803185162410525e+00
3.656089806886850369e+00
3.663892989859927951e+00
3.681371760254496639e+00
3.690639205201750705e+00
3.705772475683039247e+00
3.713154655173623642e+00
3.721329936015177697e+00
3.723431758223336274e+00
3.727598266722242926e+00
3.731518530552932589e+00
3.740653128681629802e+00
3.750181225449258804e+00
3.753059361861746268e+00
3.759612024271639097e+00
3.774208029101173700e+00
3.777906238567143582e+00
3.803685748905366815e+00
3.813939436890300350e+00
3.821803934758254861e+00
3.837384472122419510e+00
3.841163969674228351e+00
3.842217481741952767e+00
3.852025910381281726e+00
3.868981772797555063e+00
3.876512847092359326e+00
3.877927578508861828e+00
3.889414876643345398e+00
3.899315659960918001e+00
3.919750504478349828e+00
3.922317426827030662e+00
3.924672752134873654e+00
3.929568474599630434e+00
3.965480003826260980e+00
3.966844889953629050e+00
3.970617990947842735e+00
3.972567994650600287e+00
3.980783516732480987e+00
3.990131535689978026e+00
3.994416106608837946e+00
3.996832681571951706e+00
4.000116633482021733e+00
4.010974249038250505e+00
4.030192980588167551e+00
4.052949539468071904e+00
4.070332156321590844e+00
4.095639151274105494e+00
4.098390332944043202e+00
4.102089461528598768e+00
4.123419088204309801e+00
4.138069382555594089e+00
4.159097926723866578e+00
4.165310102016445803e+00
4.186199027585975507e+00
4.188434433431617698e+00
4.190318899043806944e+00
4.192765787989882753e+00
4.225804224954717192e+00
4.231625984854987976e+00
4.252634148474992770e+00
4.272502360237284691e+00
4.309606999524592474e+00
4.347530857615487854e+00
4.350468743436724850e+00
4.406253152299967724e+00
4.421510555277802901e+00
4.428759289999169013e+00
