-6.576440137977386691e+00
-5.858459086855141607e+00
-5.585459742056574584e+00
-5.515591950010253264e+00
-5.479971272094988244e+00
-5.437983554850621459e+00
-5.347034955084959407e+00
-5.271066485359121145e+00
-5.236170179075715581e+00
-5.168455814365797707e+00
-5.077524147612127337e+00
-4.999506254522395388e+00
-4.980214756095321604e+00
-4.949543757173413105e+00
-4.922298918806548684e+00
-4.869483946666897545e+00
-4.840999227711920483e+00
-4.806033700237685835e+00
-4.750845843761692500e+00
-4.693637264445745139e+00
-4.611123410215864027e+00
-4.569039710222783768e+00
-4.534989288628596960e+00
-4.500233501248766643e+00
-4.497346093288135727e+00
-4.482321839626725257e+00
-4.447200962730270213e+00
-4.429862489870725284e+00
-4.381610923934489144e+00
-4.376926687034637276e+00
-4.318815384670370960e+00
-4.301673158950591436e+00
-4.293169440850451934e+00
-4.289424701082009683e+00
-4.284632183721125642e+00
-4.225469078939037004e+00
-4.175430032007126258e+00
-4.150650932062027287e+00
-4.136980114026265198e+00
-4.038938367978962773e+00
-4.029755968375495989e+00
-4.028440807130786006e+00
-4.027350296546226005e+00
-3.995310923107211032e+00
-3.955573752254386566e+00
-3.952693297530323502e+00
-3.940265468280292005e+00
-3.918528640274367092e+00
-3.906255592229635809e+00
-3.900312162110654235e+00
-3.864737680920416363e+00
-3.861802194222618390e+00
-3.839537755726237567e+00
-3.820800495849025591e+00
-3.789133860816863653e+00
-3.778761723918429905e+00
-3.754678197218214830e+00
-3.729176697333883794e+00
-3.723282429125767568e+00
-3.710547830218742682e+00
-3.688030621715818302e+00
-3.672729084733580063e+00
-3.651422375632122463e+00
-3.593801543099124807e+00
-3.559743307051404404e+00
-3.552295988530444149e+00
-3.520961050707465123e+00
-3.519873215952597167e+00
-3.514519268925212270e+00
-3.477004417787239010e+00
-3.460350916501162555e+00
-3.450935483872841214e+00
-3.440203892621744419e+00
-3.437374127499260190e+00
-3.434862547520960874e+00
-3.413838190854262322e+00
-3.407039501187725694e+00
-3.397622365573144787e+00
-3.373466275338047549e+00
-3.347678735756271617e+00
-3.325896233643545585e+00
-3.316395480847979194e+00
-3.307370820634380593e+00
-3.284727923539040972e+00
-3.277941403099635664e+00
-3.260835081380752065e+00
-3.252612701682080054e+00
-3.217799101263125738e+00
-3.205702228526510211e+00
-3.149606085858444704e+00
-3.144964871580576915e+00
-3.133831385286171667e+00
-3.130946562567891167e+00
-3.108964195224723781e+00
-3.092078572557436900e+00
-3.088010910202436676e+00
-3.053529912199569818e+00
-3.005175286284516023e+00
-3.000660146120534666e+00
-2.979623344972300636e+00
-2.968938751199756698e+00
-2.951705688468238442e+00
-2.949961242526813798e+00
-2.924053798445517049e+00
-2.914600871537842419e+00
-2.903590513110320792e+00
-2.896162616221916952e+00
-2.876802778616960321e+00
-2.854168654749793088e+00
-2.848687187077918015e+00
-2.839678992118862766e+00
-2.830245347431647129e+00
-2.811977681471894197e+00
-2.796622341418458557e+00
-2.777139803657098671e+00
-2.759293156837480776e+00
-2.748432017880956035e+00
-2.746976527536446611e+00
-2.734722471525990350e+00
-2.715337290757621425e+00
-2.691824313076222275e+00
-2.680080656654843629e+00
-2.640764252745819274e+00
-2.620628163956569612e+00
-2.594129465348530506e+00
-2.581057673273683850e+00
-2.573451404139577736e+00
-2.544912019398607672e+00
-2.530851486745474777e+00
-2.515957214564198186e+00
-2.504532878767568693e+00
-2.490428495164442868e+00
-2.483290936733069998e+00
-2.457077158892517321e+00
-2.441205892936046506e+00
-2.422855152101504039e+00
-2.411521595176023602e+00
-2.391182565429589957e+00
-2.376123048086260070e+00
-2.366782737102284262e+00
-2.358298493936648921e+00
-2.352204339905294095e+00
-2.327229299232512094e+00
-2.321230273346364115e+00
-2.307368496964914417e+00
-2.289349383500873802e+00
-2.279331597241170737e+00
-2.266447173462340814e+00
-2.233927547441285633e+00
-2.217983858711826350e+00
-2.206556839129499625e+00
-2.204141346588051054e+00
-2.172604511320770815e+00
-2.161898684844446805e+00
-2.145662871791782944e+00
-2.118628385474281117e+00
-2.110115900638940278e+00
-2.104424348297105674e+00
-2.083314784705349254e+00
-2.076781523273218077e+00
-2.048169996229876499e+00
-2.037944156935906470e+00
-2.026269716122198083e+00
-2.010125965860225072e+00
-2.000922286411805473e+00
-1.977816878197773853e+00
-1.963264395334258117e+00
-1.959216869840115338e+00
-1.951477790274028568e+00
-1.929116141661174844e+00
-1.916880646701337509e+00
-1.912752693839483653e+00
-1.884268408538591899e+00
-1.876423180979999827e+00
-1.869872387047900819e+00
-1.851596025841682147e+00
-1.827684327620044735e+00
-1.810188622789592472e+00
-1.800823489641684372e+00
-1.790233856519638733e+00
-1.785503513610944282e+00
-1.773756154024544118e+00
-1.754010130052143124e+00
-1.734223751522640633e+00
-1.724982700224558574e+00
-1.710391125962538172e+00
-1.698385962752515743e+00
-1.686537640832623364e+00
-1.676495514378311569e+00
-1.667220313258884534e+00
-1.651944875211018404e+00
-1.644136421740898912e+00
-1.628484839757895264e+00
-1.617733537008062772e+00
-1.603363047579051459e+00
-1.595104192888403771e+00
-1.583288214810900874e+00
-1.567514429019593702e+00
-1.551899236451498965e+00
-1.544310556532123568e+00
-1.533462225292446357e+00
-1.516681345606616826e+00
-1.511473139740663774e+00
-1.500725044791510587e+00
-1.495887514994977963e+00
-1.489653846666175951e+00
-1.474904725859418564e+00
-1.464234013018222091e+00
-1.451604506890050272e+00
-1.433953918306091868e+00
-1.419264955748494206e+00
-1.411261957048927540e+00
-1.407869607259508049e+00
-1.385234744168353460e+00
-1.381147008605779547e+00
-1.362981678160724464e+00
-1.347093793461466182e+00
-1.332770209944538431e+00
-1.326275661011580453e+00
-1.321404462869788521e+00
-1.314995977371659075e+00
-1.297483410401602422e+00
-1.282863895868918025e+00
-1.271473540379886469e+00
-1.258231539581115443e+00
-1.229665630580276448e+00
-1.198613169752263730e+00
-1.194385287944743190e+00
-1.185155736378559643e+00
-1.168779560762400083e+00
-1.159671928166228438e+00
-1.146581726320066608e+00
-1.142483324740577233e+00
-1.133264615225378025e+00
-1.117597129242642984e+00
-1.092989337309327125e+00
-1.079906236719143209e+00
-1.071786765943458120e+00
-1.066566377150468314e+00
-1.049690085821547436e+00
-1.037465968411019013e+00
-1.030450744591423273e+00
-1.014759559373341613e+00
-1.005307843162521086e+00
-9.938775375718745808e-01
-9.863348382843621920e-01
-9.766812724087222675e-01
-9.709871794350172225e-01
-9.486635594425503193e-01
-9.413786011029066092e-01
-9.353922146463735654e-01
-9.271454955045934643e-01
-9.233678593735061835e-01
-9.107660464559942382e-01
-8.994064643916763746e-01
-8.875487199425052820e-01
-8.761357429196402480e-01
-8.682598798011806895e-01
-8.519935208017290762e-01
-8.411972932732826314e-01
-8.272527317240468969e-01
-8.191160520884795959e-01
-8.094996177917994640e-01
-7.992267848021364918e-01
-7.877244118712848353e-01
-7.847168592320568070e-01
-7.763061633292975827e-01
-7.729540661517235733e-01
-7.558268206538109046e-01
-7.405088376252483284e-01
-7.233397479492202908e-01
-7.025824284653779950e-01
-6.923700370215809530e-01
-6.832341336759262251e-01
-6.750301304906889399e-01
-6.714838407815608701e-01
-6.520541949443554586e-01
-6.491360988230093776e-01
-6.436437662361942369e-01
-6.351945691776594849e-01
-6.296213920743540804e-01
-6.126487326498230024e-01
-6.068662817728787129e-01
-5.966203272878838337e-01
-5.725039984418456296e-01
-5.472865738654465462e-01
-5.383347249650259903e-01
-5.265527725510644741e-01
-5.056193333577069238e-01
-4.930953844536307140e-01
-4.672703227992443531e-01
-4.632508657425284948e-01
-4.583812818072289241e-01
-4.533688415280216488e-01
-4.288440813606154700e-01
-4.148267316779660763e-01
-4.013433173183500458e-01
-3.921200998705707819e-01
-3.833929083710712615e-01
-3.613978773750856077e-01
-3.523328007656642002e-01
-3.455447756846947160e-01
-3.336150455787902924e-01
-3.246783472899834044e-01
-3.154999190448284918e-01
-3.059381381552697121e-01
-2.960372382325448526e-01
-2.889666707757777564e-01
-2.678899678510178184e-01
-2.615376752602538435e-01
-2.436996316742228164e-01
-2.420726005590086993e-01
-2.279873289034808626e-01
-2.186602463555468445e-01
-2.085084205730622364e-01
-1.983781829139560637e-01
-1.895955418498900258e-01
-1.816724361458276205e-01
-1.690792735426480953e-01
-1.638401063308852212e-01
-1.552994578373840251e-01
-1.490983132507894271e-01
-1.337702807711794728e-01
-1.259533008646435692e-01
-1.144859492386746808e-01
-1.002628366512596236e-01
-9.399037222617019627e-02
-8.642010683864465026e-02
-7.090352535383832866e-02
-6.283870594994570014e-02
-6.059690203843500628e-02
-4.562378034408781646e-02
-3.314568121716653798e-02
-3.203518022172633511e-02
-2.103125493607894969e-02
-1.597142245470594205e-02
-1.097028307963041766e-02
4.951337380644703573e-04
1.879218616699332087e-02
3.427177520999750981e-02
4.045124556085051559e-02
5.070540531933613593e-02
6.472359733196500486e-02
8.096751356176294656e-02
9.288593694902660958e-02
1.077115984945269805e-01
1.128995793463179326e-01
1.200672941905060187e-01
1.372831176567041456e-01
1.493251977553285426e-01
1.546509624153981632e-01
1.667936615457354110e-01
1.727735787353522068e-01
1.867447878022384933e-01
1.917783346433646341e-01
1.937996964283934254e-01
1.987499719574650769e-01
2.146546782568853062e-01
2.190901774096450094e-01
2.286540971027214153e-01
2.305792005172186410e-01
2.404594947766137414e-01
2.533132217965841093e-01
2.652812259427275166e-01
2.733731438384658929e-01
2.816087180191538808e-01
2.917911376685525249e-01
3.041589148976853729e-01
3.221123730860658285e-01
3.266941789014612962e-01
3.412328692444578371e-01
3.465374591230039325e-01
3.559989883044739067e-01
3.609941673939561224e-01
3.701056952019005641e-01
3.825821507707575786e-01
3.892121128981827494e-01
3.992486760448546446e-01
4.061898576811576733e-01
4.195208883541167166e-01
4.286585454758075620e-01
4.358796374960287046e-01
4.543016036904938271e-01
4.738848148091466261e-01
4.815579142141693247e-01
4.912679215289266765e-01
5.021162151649443128e-01
5.116646384912526546e-01
5.213250960241528897e-01
5.285539767766457286e-01
5.437960397230551246e-01
5.561130011782330351e-01
5.673315812526612545e-01
5.838562088782522919e-01
5.895889875702253757e-01
5.962336163994824689e-01
6.167382459990752297e-01
6.279382160103001986e-01
6.418884593909781611e-01
6.461743349088517885e-01
6.558277768520220929e-01
6.659654544638541340e-01
6.691189413451283929e-01
6.789071163589626146e-01
6.850043947043089609e-01
6.935383702862095712e-01
7.143932389484609624e-01
7.354447849890515254e-01
7.422142372632805074e-01
7.437949900244505974e-01
7.510710245718805744e-01
7.574147403133806300e-01
7.638510853530584566e-01
7.704652553232227419e-01
7.771963907662777782e-01
7.836829108290984669e-01
7.909066901185194398e-01
8.021456239931706866e-01
8.094258560085915155e-01
8.124513555942903809e-01
8.330699020819035683e-01
8.481491667111644706e-01
8.514147790206978428e-01
8.576355506111168481e-01
8.777861658817306401e-01
8.934115795628599921e-01
9.094698708046559110e-01
9.177013193397406399e-01
9.286077115746409483e-01
9.402226995280231758e-01
9.509121042104535793e-01
9.586709500437053944e-01
9.734788785763147656e-01
9.794625466671568192e-01
9.944627343309755396e-01
1.011868856296506802e+00
1.018819534926055148e+00
1.029594554051687094e+00
1.046715289488453271e+00
1.050577657481357674e+00
1.059376680280995187e+00
1.087955589391516265e+00
1.097001295714572500e+00
1.109921445112237226e+00
1.121608783314287816e+00
1.134818466746125409e+00
1.147412875463398763e+00
1.160039737655994330e+00
1.168263078447653758e+00
1.170866222318319938e+00
1.184177199411297954e+00
1.198575449086481282e+00
1.207380446295901466e+00
1.217898498591353684e+00
1.228196680428531362e+00
1.234437328352198548e+00
1.256740995211100831e+00
1.261641343510868651e+00
1.279715401994330204e+00
1.289997939446732023e+00
1.310757553537230669e+00
1.320004025540762793e+00
1.335514413267165690e+00
1.340838552505406733e+00
1.363650349801396544e+00
1.370723090500641783e+00
1.379554235596995415e+00
1.390533468846261167e+00
1.401214135452498954e+00
1.409923334488288882e+00
1.422901201625317080e+00
1.440872118136986568e+00
1.457403498654722407e+00
1.477727587318317992e+00
1.486449303610486439e+00
1.489015785267665981e+00
1.500053327981948570e+00
1.513473078517379333e+00
1.533948384931534070e+00
1.553764659105214330e+00
1.558046309218233505e+00
1.562784948939062390e+00
1.584264289067017772e+00
1.591874149269598249e+00
1.597957800519464344e+00
1.606666282235587495e+00
1.614298308420448302e+00
1.624012870096762873e+00
1.641851491469681790e+00
1.667791251837334343e+00
1.688225674225853457e+00
1.705398677557421028e+00
1.717144732572354560e+00
1.739600194072114192e+00
1.744011951691931683e+00
1.759145969045116775e+00
1.786897466564085546e+00
1.793464211866863778e+00
1.815060756537655973e+00
1.822090802775488960e+00
1.829012040360266989e+00
1.840461102092853407e+00
1.872648034061288547e+00
1.885071791569131072e+00
1.890625214777122753e+00
1.906170711246909955e+00
1.918636048844050812e+00
1.928109844126621342e+00
1.949352184439679947e+00
1.974058905993337554e+00
1.984979598406320545e+00
1.997940972124094383e+00
2.008955952819078128e+00
2.026448182441599855e+00
2.042854108681147807e+00
2.057867766849775570e+00
2.065832491689906458e+00
2.096155107369575887e+00
2.108514777854586519e+00
2.123612293536083051e+00
2.133435181703430050e+00
2.144667911534611893e+00
2.157828052388227391e+00
2.171650525392200493e+00
2.185212403008455873e+00
2.190563149972881263e+00
2.201462031683598219e+00
2.214166209328454649e+00
2.244814388736174671e+00
2.249056890495165550e+00
2.255380666651728649e+00
2.271994153319997878e+00
2.281795660951628779e+00
2.304051919088379474e+00
2.337168638505675133e+00
2.347048866478599560e+00
2.370046842988021041e+00
2.381517123721961671e+00
2.403599516635416045e+00
2.410604508498267240e+00
2.417661387072442825e+00
2.442736327064578550e+00
2.447994051071840538e+00
2.453363573815774412e+00
2.465062038359164820e+00
2.498214319388822879e+00
2.510722161710523981e+00
2.519217339509151277e+00
2.537042525417385175e+00
2.541814791128639950e+00
2.567109931242708587e+00
2.578417645928487989e+00
2.588155479312999052e+00
2.601963014542488573e+00
2.618523329414987000e+00
2.635652370244167209e+00
2.645871745317809332e+00
2.661471307343989956e+00
2.673865338747924980e+00
2.689176558862655497e+00
2.702715225309699765e+00
2.726342170232809003e+00
2.738289743890839567e+00
2.746019401612019628e+00
2.760174935530902651e+00
2.769891492190026838e+00
2.786245123844062199e+00
2.796807547600569155e+00
2.811406537481794921e+00
2.844723846210768681e+00
2.868819400720151069e+00
2.902382807339138449e+00
2.914618154093139069e+00
2.935795282932159189e+00
2.941315774383402193e+00
2.952475493087074465e+00
2.957887566929407352e+00
2.967926577359193185e+00
2.982945271626851635e+00
2.995111098698437058e+00
3.002792018733327239e+00
3.021174275789853425e+00
3.028102667775606438e+00
3.069346368034373551e+00
3.081045632612020135e+00
3.090621459706422325e+00
3.100214937891629052e+00
3.116586968703335625e+00
3.125895841322780644e+00
3.154959721921512195e+00
3.174750370596926885e+00
3.179458104283692244e+00
3.193259708142322850e+00
3.214166506571169091e+00
3.225349862734166795e+00
3.241948182559500236e+00
3.244096838503525593e+00
3.255367840172514349e+00
3.282851093396135234e+00
3.309400083100785928e+00
3.344480291959588847e+00
3.355335676784419796e+00
3.357158663100650031e+00
3.358477569446665534e+00
3.376512022851168471e+00
3.391152510327246627e+00
3.409506577810422101e+00
3.417895155013014108e+00
3.442673482615342451e+00
3.459410710194041005e+00
3.483000216188203879e+00
3.492343303850800051e+00
3.495916325017758730e+00
3.508064580873015981e+00
3.565873096961189592e+00
3.602342992403724686e+00
3.605289708833573137e+00
3.615077266778750076e+00
3.630114137892535009e+00
3.638973159524490963e+00
3.667586682287677924e+00
3.681809308008405335e+00
3.683280039191360267e+00
3.717715238198755046e+00
3.723486327265322249e+00
3.726907475977032647e+00
3.741721201536858832e+00
3.775525731760875470e+00
3.778280802180709941e+00
3.786557405614091376e+00
3.810219289627109873e+00
3.842700034664726871e+00
3.857507950405802521e+00
3.859009381033542851e+00
3.905616016764369203e+00
3.909976544056465997e+00
3.918146399869332441e+00
3.975583021245731707e+00
3.982291163325012651e+00
4.011926476081670856e+00
4.019046839347865330e+00
4.029791997191177977e+00
4.041355478879429697e+00
4.053099933446708825e+00
4.062088076377064816e+00
4.083700990089159433e+00
4.095659828020199456e+00
4.117350232308086611e+00
4.206118890832277302e+00
4.232207653097894706e+00
4.247178319652755718e+00
4.264331156878619744e+00
4.270168912669359607e+00
4.277116424953178786e+00
4.291693306437868394e+00
4.313342585306393140e+00
4.360850701060018153e+00
4.397194978868631310e+00
4.437606235953452938e+00
4.446152436356687332e+00
4.451765854816639667e+00
4.463279665787341699e+00
4.503946867539671217e+00
4.524233663803332028e+00
4.612536829250676540e+00
4.625742336260449505e+00
4.632362962747301083e+00
4.633036809366569031e+00
4.667161138306620494e+00
4.764215701937997594e+00
4.796121689637772079e+00
4.930479499730113346e+00
4.932275652341521877e+00
4.955505654540248273e+00
4.959883606693320957e+00
4.960880922899035816e+00
5.002886973607800769e+00
5.043806740923649556e+00
5.049887152376846267e+00
5.151018560743951369e+00
5.155318759021856323e+00
5.420712124983047886e+00
5.481836466517221673e+00
5.515476663101066990e+00
5.607229334942658738e+00
5.615601254128813835e+00
5.678353228017838816e+00
5.701297069432296638e+00
5.941023155353367891e+00
