-2.073122030582347924e-02
3.207637592034890545e-02
2.581345097399127472e-02
4.889327530065986499e-03
-9.248643246736364815e-03
-6.159765060568777846e-04
-2.090323415797823783e-02
2.843200263563888316e-02
4.525079657151955242e-04
3.004589291269636059e-02
-1.097861202365172512e-02
1.587134576399334756e-03
-3.301155619716029943e-02
1.068547901632264929e-02
-1.010366958263203725e-02
-2.128510674000582206e-02
-1.119464096693654868e-02
-2.534938482797379281e-02
1.404064820411749306e-02
9.330710914337615042e-03
6.237358056792719103e-03
-4.755888001839875256e-03
-4.758804343516128028e-03
-1.251295240589125543e-02
2.274206436094747610e-02
1.753231622061043144e-03
1.783517925847749250e-02
-1.943373504724331402e-02
-4.470841150780579393e-02
-3.959065360030873670e-02
-1.276286726646389501e-02
3.744898356690017343e-03
7.578166079948716813e-03
-3.092795186307578659e-02
3.203841823628822416e-02
-6.723291353602491201e-03
1.938731182482937923e-02
1.662619779373389122e-03
1.202408666092350149e-02
-9.584909378574688055e-03
1.371413765472215968e-02
-2.836726985412743075e-03
1.491146365885168351e-03
-1.088007628231259108e-03
2.158868644855527555e-02
-2.313276260972066400e-02
9.191152753735901126e-03
-1.706658626075565136e-02
-2.261871690224752721e-02
2.061823551689594136e-02
2.739730442145700204e-02
-1.761943286039142562e-02
-7.252814105100720450e-03
3.385447599397686108e-02
-2.293576186125697788e-02
-1.362697590991553478e-02
-7.152617714025213090e-03
3.511922595161648050e-04
-1.702630861156312694e-02
-1.445629031096419092e-04
-2.124435169202474986e-03
-6.680016125454347857e-03
-1.871262543621747196e-02
-1.752968091457096991e-02
3.866256527862683978e-02
3.873078710981059380e-02
-1.597816223996901402e-02
-1.978367436720068935e-03
2.165620288001813068e-02
-1.042357970698712432e-03
9.077859142489774075e-03
8.603059924968814789e-03
1.648405995326652010e-02
3.269526303437545085e-03
9.009016386328620469e-04
-8.585627053045493534e-03
-3.167862352860954019e-03
2.110162324115200105e-02
1.360359097894759534e-02
9.111625767710889584e-03
-1.616458795434847287e-02
9.152996300783821076e-04
-2.249827097526987257e-02
1.456186324737671805e-03
-1.807713164563854932e-02
5.578381087881482785e-03
-4.901543605405191649e-03
1.822404340276233964e-02
-3.081651624320488198e-02
-8.585527755159302193e-03
5.501269767942434941e-03
-1.525154025063535888e-02
-1.117256118418693406e-02
-2.764284301967289380e-03
-1.387736569894961261e-02
5.970995559689992044e-03
2.549032177420994943e-02
-9.877530784590034686e-04
-5.465631648343368450e-04
4.116792258697535983e-02
2.929022506762639366e-02
-1.864799896733578682e-02
5.938977918691560991e-04
-3.390153681376441991e-02
1.862238114038449258e-02
-2.362713859136855200e-03
-1.227532582939398938e-02
-1.010250038580983931e-02
2.939545387404452273e-02
-1.450382371265361917e-02
6.002188622165058936e-04
-3.395187751053704850e-02
-4.317326941549284175e-02
-1.382514845104768769e-03
1.025007582111087112e-02
-1.519676811227803326e-04
-4.770980487627319439e-02
1.625971795629262834e-02
-9.104550363549507655e-03
-9.602816759180426986e-03
2.400275233642807163e-02
1.194342475373055650e-02
1.165236231606783454e-02
-1.620141154295818078e-02
1.066173305292480479e-02
2.655353185301104375e-03
-1.726957381477354364e-02
-5.419147464348249982e-03
-2.747244430577159419e-02
6.361490652359859735e-03
2.308041397315337140e-02
2.182939429375925500e-03
-4.732306596820139676e-03
3.365291538216556161e-02
2.785089370719607410e-02
-1.636163281605884645e-02
-5.718062720011185540e-03
-6.931404498100814451e-03
3.494412888780307896e-02
-6.750735492294139377e-03
-2.372378841597812607e-02
-3.211081964602015282e-02
-1.982173580572220775e-02
-3.167815880525906569e-03
-4.620520648579122536e-02
-1.554883525486980105e-02
3.160256226710605326e-02
1.611840302717228515e-02
4.344783738488875585e-03
7.489449611123968724e-03
6.794162600729802999e-03
1.663963380334212289e-02
-1.144187402166438501e-02
-2.992258585135999793e-02
2.102998002201688938e-03
-1.802733109581269519e-02
-2.083733080944122004e-03
1.882161316862345423e-03
2.897546221453895995e-02
-1.519792924405196678e-02
8.881269123575672927e-03
3.554213660626824155e-03
2.498769664575976532e-02
-3.807205022082516942e-03
8.748367489969637728e-03
-2.914286924077491570e-02
8.459864132901753070e-03
-9.701938996294352802e-03
-6.035423652385137928e-03
-1.481214938527719918e-02
1.353517684745397104e-02
-1.485499693153697134e-02
-4.341580932813986216e-02
1.889456720355769254e-02
-1.512348428633899719e-02
-1.126046458431483911e-02
1.581690113408552173e-02
4.529179112046067233e-03
3.126731905186058702e-02
-1.300217687326873060e-02
-9.586659534334124669e-03
-1.360308076714569422e-02
-1.636215536448495586e-02
-2.415577461786938898e-02
-1.775117466836292164e-03
-1.690985871922627212e-02
1.615950784034095658e-02
2.219939365161717124e-02
-1.658198129381804691e-04
4.501993919639838380e-03
-2.924631419489467227e-02
-1.114892501988754177e-02
-2.722564564638344994e-02
6.069533170371923386e-03
1.277648082128175593e-02
2.235365863411269832e-02
-2.410510109608281215e-02
-1.996266958468232919e-02
2.006987968274186532e-02
-4.609096133765525592e-03
9.869194494188564606e-03
-2.908183001696630979e-02
7.655700743659666491e-04
8.184661175891288706e-03
1.731911720536403673e-02
-8.607643563761212951e-03
1.250034878809835187e-02
3.510750320937934522e-04
1.235626994528455443e-04
2.127099276638987069e-02
-1.932965534056801937e-02
5.876487918530204054e-04
1.369264192593315239e-03
-1.305758608263496781e-02
2.748416868427935866e-02
-5.463127195616742336e-03
-1.083011937041668780e-02
1.268194294113799206e-02
-5.811165908646204366e-03
1.903496761586464430e-03
2.059767985270095220e-03
-1.189186255596510165e-02
3.800928539203026618e-02
3.599547662831553696e-02
-1.459942947939957616e-02
2.783323675877372519e-02
-1.046451642585588364e-02
-2.330246073244816364e-04
-1.238318873722033149e-02
-5.261403621122854105e-03
-2.970853424845763466e-02
-1.461044299549177881e-03
1.993374574491133325e-02
4.125217385819754216e-03
-1.201076620596019072e-02
-1.159718689758402511e-02
-2.442601372220655487e-02
3.733920147053232819e-03
4.269512713347809255e-03
2.947871310969286951e-02
1.601390479585960850e-03
3.412729208251446666e-03
-1.806033128270613172e-02
3.109584063363490455e-02
2.484126565044134441e-02
-1.617869903249662469e-02
2.406876468116807277e-02
4.880702846936494678e-03
1.648419844952912078e-02
2.211993422996999178e-02
-1.318220100632387128e-02
-4.448032841564465018e-03
1.172141015810376254e-03
2.726273665485605402e-02
4.019105962076499334e-04
-1.029133371328636026e-02
-3.452050148878729741e-02
1.445460802752492925e-02
5.059386798832680478e-03
1.300358531561958061e-02
1.011462776455350834e-02
-1.272162700964097302e-02
1.583088339153008312e-02
2.881529967166007039e-02
2.505947466403913443e-02
4.666116570679753120e-03
1.176274489600912833e-02
1.874531518807313890e-02
1.357606832819806091e-02
6.559946147621094695e-03
-3.002182312746870529e-02
-8.044434937800553839e-03
-2.756803068539614987e-02
-2.527801527803380088e-03
-1.025556651745429017e-02
1.011948315701688937e-02
1.993696994775360273e-03
2.461995181980162345e-02
-5.378050321484252952e-03
1.149163635395722416e-02
1.261281511439322589e-04
2.869364894603180019e-02
2.470988563142747022e-02
6.728364803509058467e-03
1.041928280285281741e-02
9.621755970585340462e-03
1.758974167481781176e-02
1.605193779109977820e-02
-8.164121726241540741e-03
-6.418094451942841713e-03
-3.911093856165275863e-03
6.366891652221361511e-03
-8.872853482338070516e-03
-7.842830800181256612e-03
2.368260142846521921e-02
5.592905338423138917e-03
1.658481450317894276e-02
2.543345762705119528e-02
-7.074891547362973342e-03
-2.069369619547596108e-03
-7.294186599254530792e-03
-2.538667340635801777e-03
-1.017396818438174103e-02
1.473415729733780662e-02
4.208611712156686176e-03
-1.257154256175212247e-03
-8.717988907374017368e-03
-1.605504975967323670e-03
1.835190532972245546e-03
7.105689311773147332e-03
-1.965747610379890015e-02
1.113076473239458727e-02
6.640899276192619577e-03
7.343205699445770618e-03
2.362769810077455790e-02
-1.066707235479200273e-02
-1.529138044377742998e-02
2.716779708735889143e-02
1.648142613115119101e-02
-7.060310870902876054e-03
-1.694847328347495394e-02
-2.240664931349561559e-02
3.650656251471528450e-03
-7.004837073562868340e-03
-3.288583685397098756e-03
3.246758266325201672e-03
-1.001462738558086055e-02
-6.711037018268223298e-03
1.501197985710564162e-02
-9.023323110832559904e-03
-1.438920395399035171e-02
3.554022751501724562e-03
1.917062850059084861e-02
5.160617919078024128e-04
-1.517180991052009993e-02
1.616373635402328784e-02
8.346541701274329261e-03
1.284985714093659498e-02
-1.824483657951802423e-02
3.741168219614218748e-02
-7.860512914801384872e-04
5.150076630027622913e-03
-4.262854119131099899e-03
-1.378202956752816802e-02
-4.664151327647172475e-03
1.084639218084874727e-02
-8.528039315620563818e-03
9.780790061937615770e-03
1.869347810604573418e-02
1.387935500539804433e-02
6.553675644362741241e-03
1.393547228838617515e-02
6.785208126395515620e-03
2.146374348897019807e-02
3.122749190615911694e-03
9.321388831860125818e-03
3.067658538059969339e-02
-4.845889990133790855e-03
-1.724814265388444415e-02
2.511751847135727453e-02
1.935681644165284168e-02
1.363965456419260515e-02
1.301171012182805384e-03
-2.386199929683387524e-02
-6.172270780524822392e-03
5.510838266325997388e-03
5.780033262325889702e-03
1.175457011767431885e-02
1.136838685854613812e-02
2.619900448606133844e-02
-9.882138113227812923e-03
-8.866111064059536626e-03
3.386024719205877210e-03
1.987681106564959457e-02
-1.226229020604716058e-02
1.730647643263718768e-02
2.398481318886508395e-02
1.575531071517670759e-02
-2.614090732960668365e-02
3.163588711412476835e-03
-4.119914949541387920e-03
9.873256062960534749e-03
-2.997196272514009857e-02
-2.419199880549795928e-02
-4.390622309358694318e-03
1.237997122798444559e-02
3.296525347443523624e-04
1.866387121160455881e-02
2.191035182186181623e-02
2.863334956712057164e-02
-8.619193137895754531e-03
-1.774691591103467331e-02
-6.603453223408389458e-03
-5.388504641740915306e-03
7.956062458743749224e-04
-3.009792986500174974e-02
-8.206638031592978708e-03
-1.118644270614956547e-02
1.496044016952773927e-02
1.401198177942258524e-02
-5.339748584883048524e-04
8.915786371548594172e-03
2.435802466033019573e-02
-1.297922924057412150e-02
2.352015760164125058e-02
7.064086302887831806e-03
2.077234634582967102e-02
-3.432488193974988448e-03
8.060363204483014582e-04
1.239245639595318998e-02
-1.077515074831788405e-02
-9.726125120262552048e-03
-1.693812358273720509e-02
1.772691669471552003e-02
1.327867542911509435e-02
1.083276598603549225e-02
6.444890678472692085e-03
-3.050135014176107162e-02
-3.074985897442163163e-02
-7.960607832726790054e-03
1.131966685853573028e-03
-8.686103794127540559e-04
-1.422610815164899838e-02
-2.041007476296928871e-02
1.564595799811335439e-02
9.722736931745050090e-03
4.449709401317902997e-03
1.339212035388039242e-02
-3.165268848169137256e-02
-2.852679668440457391e-03
1.194018716598501013e-02
-4.658059755942718996e-03
8.976910955442212597e-03
3.946944094674362073e-03
4.291169797550801503e-03
8.644676580609248189e-04
-2.112800982539263933e-02
-4.474669180757953439e-03
1.597562947894942686e-02
-3.020377980607469228e-03
-2.498784760984823841e-02
-1.883087569981932094e-02
-1.207863559441502838e-02
1.826079222567628460e-02
-2.774160979227125834e-04
1.865188400734128652e-03
2.608761343547663300e-02
1.096409958728192593e-02
-6.133348388549618316e-04
2.130904205534711951e-02
-1.615714642051843675e-02
-3.127863633342606916e-03
-6.942468929706603620e-03
-6.810636898973139106e-03
-1.571069410009556105e-02
-1.067548627148790473e-02
5.842217056752615004e-04
-7.195686299014003194e-04
5.555773593513584595e-03
-1.193844128921952089e-02
1.621024117357973415e-02
7.662252916474708228e-03
1.617625940920885963e-02
8.829286500896947609e-03
-1.314001551640722916e-02
1.816999744166324614e-03
-2.955561001689863132e-02
5.884513931363127316e-03
-6.788861011940506944e-03
-1.647402211585985779e-02
3.115087109060564290e-03
9.805445728756911894e-03
-4.259059825518629085e-03
1.328765987964953404e-02
-5.746152823739069174e-04
1.670114047557311188e-02
-1.472448849338898504e-02
1.791176566622198823e-03
2.993824585845818176e-02
7.430116409800082387e-03
1.331156866289409354e-03
1.928264389182635791e-02
9.131546928117937473e-03
1.655197866537038570e-02
-6.508522384089952643e-03
-2.354288601901453112e-03
6.181491779981679291e-05
-2.185432989042503799e-02
2.594774461992844367e-03
-7.684448962602185434e-03
1.638780396988742671e-02
1.438317019966652878e-02
-5.886757097149125824e-03
2.501441929962337687e-03
8.911932248513812840e-03
6.958914969066512871e-03
-1.521929846730445081e-03
-1.547434671580644010e-02
-2.990192358699282280e-02
1.182770672529255031e-02
5.671706893686047357e-03
2.485573329570978443e-02
-1.090381709749514358e-02
-1.352069628158865909e-02
7.854748869172293105e-03
4.931454418658904465e-02
-2.779580636394681989e-02
-3.099749348129872753e-03
7.305759475065759512e-03
-3.361146611781489629e-02
-9.239820367390707417e-03
1.077328053483109574e-02
-8.281576425918890996e-03
-7.665078996207083488e-03
1.031690813314388791e-02
8.818513474850473224e-03
-2.380974904546732246e-02
5.349911912403550879e-03
-1.571040601716722218e-02
1.830626827630308165e-02
-1.768875590562922484e-02
1.203358494717706242e-02
9.752872545304590648e-03
2.099240666626728605e-02
1.408279691101152822e-02
-3.307014679825056105e-03
-5.316709177914485419e-03
-3.700993475360155396e-03
1.450961311624856392e-02
5.193411169127726962e-02
-3.993126647502591442e-02
5.316080745128619551e-04
7.294502128251867043e-04
8.369014654662783326e-03
-4.344794646396968850e-03
2.642089109903588556e-02
-4.793083844433073011e-03
-1.791487367305724665e-02
1.148476392189564169e-02
-1.074832687491056489e-02
1.513554174614767378e-02
2.393719097678637109e-02
-9.360996394615348978e-03
3.309255515267369580e-02
8.297996239664720552e-03
-5.742540258658579769e-03
2.368416588123375011e-03
9.745842357619766486e-03
-7.987931908047390950e-04
3.682566610297785363e-03
-9.949834938414744631e-03
1.604848199680861121e-02
-1.489424190599821993e-02
-1.868379943007623945e-02
-1.792614180788508829e-02
9.181698017191234186e-04
1.449507603255259860e-02
4.619536322291837790e-03
-5.928558129323484652e-03
2.390917604584207566e-03
2.774127608024345645e-03
-8.951579485500766415e-04
-1.102615107430776229e-03
1.326601793137081875e-02
4.682425572272178038e-03
8.841085476318285424e-03
2.778218239240601989e-02
-2.116479929611182753e-02
1.160916128181717095e-03
-1.837914361232937874e-02
2.974159733107038794e-02
1.862608555960966472e-02
-2.515837222468056411e-02
2.100204630986793330e-02
3.200617288378597436e-02
-1.283553252734403842e-02
1.390188058835997807e-03
1.484395486131169072e-03
-1.213629780698311476e-02
-1.279146954759595792e-02
-2.032649478710682467e-02
-9.855733381327438144e-04
7.940646851354591685e-05
3.824265138626298244e-03
-1.418377321982192824e-02
-4.750569665703485885e-03
1.318959060802922132e-03
-1.832516614468239838e-02
-1.595194696092859521e-02
1.583679501237952782e-03
5.399776410481283741e-03
-5.226521660343351645e-03
4.477402336885133623e-03
-1.434653104339833098e-02
-1.210692834034835658e-02
-1.316213716170498878e-02
-2.157416665906791708e-02
-2.302637589853945635e-02
-3.795118923556458496e-02
-3.224296137440746477e-03
-2.480599015782741085e-02
1.309677256721379808e-03
-5.757457337877910225e-03
1.325234169139327157e-02
1.282522873100764953e-02
-1.215748436922087401e-02
-1.894161967256149145e-04
-1.115450177659603470e-02
1.042777543131365343e-02
-4.093756461774291158e-03
-1.285712375558230617e-03
7.517734834975384715e-03
-1.667297958999415519e-02
-1.174276223185926477e-02
1.250331853582965433e-02
-1.134279109554178593e-02
6.222407560672212762e-03
1.076802960134395394e-02
8.228372330530233682e-04
2.084866005478759610e-02
1.235080268669449220e-02
1.077275736676489015e-02
-6.454457446301332078e-03
2.501861397999849412e-02
-9.539549146120476428e-03
1.538034324134636421e-02
8.433422814705446649e-03
-7.895299123755564544e-03
1.241227779328240612e-02
-7.742656088469477074e-03
-1.758943527376777977e-02
8.804446805958623251e-03
4.211037548858286017e-02
-1.735396345655060638e-02
-1.574708347761571287e-02
1.220672681170390655e-02
-2.606442885855547384e-02
-2.511956082698260651e-03
-1.972495114204160169e-02
-2.058669552224554056e-02
2.504456646413203303e-03
-8.509035944450633882e-03
1.658774233830345377e-02
-2.226885731238358035e-02
-1.175555539023321466e-02
-7.563786873214964172e-03
1.820578093240549436e-02
4.267803338198052597e-03
-5.359749921476502331e-03
7.453127767140126959e-03
9.047856506889297851e-03
-2.234863181594242548e-02
2.043954835825036523e-02
4.329612678519501046e-03
-5.185104903720324544e-03
8.596812440427837113e-03
-5.700859127791647885e-03
2.433107662647789049e-02
1.024413977533235841e-02
-1.738140034662156649e-02
5.105633021836874369e-03
2.095528952701966510e-03
8.646448494103455354e-03
6.108158727048775168e-03
4.633513084830107043e-03
-9.855434120834479297e-03
5.928441160293279090e-03
4.746639622841036972e-03
-9.566661243546735471e-03
1.910093370782132982e-02
1.441742102703475956e-02
1.071635557820956562e-02
-4.906998338946196719e-03
2.851835876007768542e-03
6.447305403772843682e-03
-7.762017085297245357e-03
-5.578338507486240057e-03
2.719987750008127231e-02
-7.295434448103018180e-03
5.527233498391951293e-03
3.317570066203721912e-02
-5.177100599647956741e-03
-8.626595326279639514e-03
1.921459805771207757e-02
-1.999227656018397539e-02
6.833604853522710042e-03
1.697850364766276265e-02
8.766123910839871206e-03
-1.212719746568904564e-02
-1.281498670051751075e-02
-2.664240070475572871e-03
-7.458355487065266437e-03
1.170712734525906039e-02
8.234633272083747776e-03
-1.489243122046642921e-02
-1.486470807015015209e-02
-1.840564509715380756e-02
-3.210769702510407522e-03
-1.897950781591562289e-02
1.240353905754474143e-02
1.177235202486288967e-04
