6.426459143198154367e-02
9.447281802687518271e-02
-2.996987664271794777e-02
-1.041042255606833139e-01
6.605131240729669728e-02
7.920897651000934070e-02
2.324983394186719288e-02
-1.956401438164453999e-02
-1.670248706190637436e-02
3.401125578253041959e-02
-6.723809757146245736e-02
-3.170683767403140868e-02
-3.382794946317901202e-02
7.657718153784125181e-03
2.185411104618887462e-02
7.210410516763385985e-03
4.818450405169408951e-02
3.448717045937414738e-02
-1.097401240370620978e-01
-7.965026670831427957e-02
5.097859824241294385e-02
2.336485321672891399e-02
1.284555382327797098e-02
-5.741076940903235004e-03
9.353474098572624185e-02
-2.919549185466977295e-02
1.745346250038693620e-02
2.804339928569861765e-02
-7.797927219562114654e-03
-2.286060300304984787e-03
-3.101073717134738509e-03
-2.842033870778033419e-02
-3.281431877545953890e-02
-7.408712889330128226e-02
-3.946611061820566591e-02
1.327298943719374021e-02
4.099431377869651449e-02
-1.222970886510827554e-02
9.469039343305306333e-03
-7.565240073363252091e-03
6.253283836361074599e-02
-7.352478878974532880e-03
1.975213962277720670e-02
-6.184051296616545346e-02
2.121295323391809637e-02
-5.725344949871209038e-02
-6.630050849408136715e-02
-1.563234132808285701e-02
-8.447350978906760510e-02
-2.140480759143472203e-03
-1.426457683252686619e-02
1.780369439909539053e-02
-7.395546016076029461e-02
1.226256475913357728e-02
3.770355493886361903e-02
9.996817875089095140e-02
2.375375832814430321e-02
5.838146193458665367e-02
7.313725776560409120e-02
-7.705852214292216451e-02
-8.003747802020784452e-02
4.705117352833013133e-02
3.430790939007972301e-02
5.694813052117910640e-02
-7.979463974719703395e-03
2.590829951477355980e-02
-8.056680745169597646e-02
-3.695493403202456534e-02
-2.802907617784364258e-02
-3.275912512665095366e-02
2.888305518089911636e-02
-8.041314184731759851e-02
-7.163836230138334593e-02
1.824059848390232122e-02
-4.626905029797986901e-02
1.193448540294084481e-01
4.247963772412632899e-02
5.537512235269472644e-02
-1.670391399327542103e-02
-1.405637939751415433e-01
1.146022405468839073e-02
-6.275935436820576085e-02
-1.846853801232523073e-02
2.459390855439601634e-03
1.244745751697539683e-02
-6.346917181038087830e-02
1.303174812962314133e-02
1.882134660066931212e-02
4.634343281278859722e-02
-3.998427731546675551e-02
3.219599675495136981e-02
-9.830122790003917310e-02
-9.730952424589302046e-04
-5.354002189553899727e-02
-1.523827831889340567e-02
-1.610975034399926651e-03
-9.573786361057275152e-03
-6.415858306366206687e-02
-2.890402619916066992e-02
-2.165169528507113195e-02
3.993517127458555416e-02
-3.902905516538342223e-02
3.613765026990654189e-02
1.723543027628235977e-03
2.186786452251945900e-02
8.954753256081323873e-03
5.510352023010609696e-02
7.376354563715999992e-03
-3.214595312884799272e-02
-3.869390803123920475e-02
-7.605221504670324484e-02
-1.945681526431633848e-02
-3.333357127428168698e-02
-3.471051448902392339e-02
-1.398195589397778710e-03
5.047937733702094476e-02
-5.640681798841187811e-02
5.575256135816754333e-02
6.429396070879087044e-02
9.389843593233115557e-03
-2.000981236350200462e-02
-5.250550068756084515e-02
1.980144526692388315e-02
5.165845012299353362e-02
-3.481952313170273705e-02
-4.152686993477518185e-02
-4.806761685189972488e-02
-3.453730313189665169e-02
1.311899813051727558e-02
1.374542046199541670e-03
-3.837458036815419998e-02
-6.170487439281729936e-02
-1.045107348977615397e-01
8.520331242071484124e-02
7.403180671568344862e-02
-2.766461800775052177e-03
-7.410357255077126837e-02
-1.322371995202142013e-02
-4.422441686252791965e-02
-1.780924761565521111e-02
-3.235075498880924522e-02
-8.276107587865343118e-02
-3.136296051692371439e-02
-2.658715188060668116e-02
1.710821588909201482e-02
5.565238560840602561e-02
1.578885717202733671e-02
-7.433681114206405760e-02
1.275117624688274463e-02
-6.905907894839133365e-02
1.311498426163511949e-03
7.548400552449327505e-02
-1.036737193646881522e-01
-3.581729052173855676e-02
2.161164232907659272e-02
5.373144270340999423e-02
5.256213784582836231e-03
1.015996561725971969e-01
2.990203181795582366e-02
2.358482803773831460e-02
-5.509000048947145650e-02
1.016070621283353959e-01
-6.232678149151842095e-02
4.048908349157563646e-02
-9.809242469221635119e-02
-2.620502343288193953e-02
-1.293499923381824339e-02
5.109517070409329981e-02
4.891859693771349882e-02
1.059901180432467338e-01
1.150359119232909760e-01
7.237605737866807665e-02
-5.570869654785271657e-02
-4.059189466243739997e-02
8.775720205644300942e-02
2.469938738738837805e-02
2.317066626674085458e-02
8.400497547692540451e-03
8.062069081294095940e-02
1.085817988618639068e-01
-4.376188805253828501e-02
8.133973972727923454e-03
1.320132762723140625e-02
3.745143456583469033e-02
5.768749501199921248e-02
1.981927300802545019e-02
-3.007677459754671059e-02
-1.585917169530342424e-02
1.105282635270568060e-02
-5.558221584481649880e-02
5.242151458871260189e-02
1.147863160342035491e-02
8.851863909385743190e-02
4.277333409765522038e-02
-4.954209207713308749e-02
-8.316927743816576735e-02
-2.301775412055570916e-02
9.131685213915388677e-02
2.849236760345332051e-03
-1.758083176243976573e-02
4.893137019298875873e-02
2.563684269885911984e-02
-2.019312817836350221e-02
-5.078226699166608904e-02
-9.828580929516898823e-02
1.668170967254949469e-02
6.669241067179712545e-02
4.718335695797887946e-02
-2.673849945690309066e-02
-1.432035115773945197e-02
-8.607791832986745606e-03
3.422445499401796914e-03
2.234902275325298393e-02
-6.796200697098903065e-02
1.370146598044390523e-03
-8.911169329450027710e-02
5.143456807552669596e-02
6.901865057070227100e-03
-2.803337506569084786e-02
1.735500261047711115e-02
-1.176879944743999210e-03
-3.815011543856772908e-02
5.351215604150873911e-02
-1.705151381817416115e-02
-3.577677232445655026e-02
4.416182338460579448e-02
-4.459419091609363728e-02
-2.568378484165335235e-02
2.805826824748889822e-02
6.942711778068792750e-02
1.376375111261378126e-01
2.396884995202503907e-02
2.204977910629923529e-02
3.337889232991458205e-02
-4.981488039679594741e-03
-5.361304039381461529e-03
-3.451037002938665138e-02
1.083972613938427032e-01
1.431943250916426109e-02
6.702472981596488411e-02
-1.010025705847002013e-02
-1.936665406177489127e-02
3.759740832414083106e-02
4.598479860846449441e-02
6.094264581770538619e-02
-2.577739958199897277e-02
-2.416444502027835853e-02
-1.401668665761920951e-02
-9.253886110789562303e-02
-9.061604720689564463e-02
-4.577411366745164079e-02
1.606164586270748124e-02
-1.015846690108597739e-01
-1.914066543977404819e-02
6.304617165746193019e-02
-2.784839571020434126e-02
-5.828954501611487843e-02
1.467251719003476174e-02
-6.496928992008692283e-02
3.793972570346832579e-02
-8.143125911817745630e-03
6.858424103611455991e-02
-5.783600509408364648e-02
1.240071239308834783e-02
-1.039407884474303871e-02
-3.314908915034982251e-02
-5.750517400453195732e-02
-1.903318173412379272e-02
-4.207182339900789741e-02
1.793989066360852577e-02
-6.744158084596495184e-02
-5.273641969419733816e-02
7.204601856528812867e-03
-6.332782770701987640e-02
2.311447166057994940e-02
5.469764185423132974e-02
5.773953195874601679e-02
-7.703550021911589885e-02
-3.759832280519194436e-02
8.836588225194372259e-02
7.451947426454029466e-02
4.770653591139886046e-02
-6.206429218253804725e-02
1.041834721301474753e-01
-6.587865264862297066e-02
1.431761255384829401e-01
6.551831465956184375e-02
9.137105364839902613e-03
2.855556899181322869e-02
1.644045821750698619e-02
-4.821291912429561820e-04
-3.133028525728261821e-02
-9.132466858398800846e-02
6.707222495173147808e-03
-8.112839522404489620e-03
1.902857641717812728e-02
3.480627932800135077e-02
-2.405097165424286906e-02
8.346987229563902766e-03
-2.142981407905534749e-02
-2.050910509808555673e-02
-9.807744351916426739e-02
3.719094238498345945e-02
-5.021765943343683286e-02
-7.745790002315886859e-04
-2.094083673705070953e-02
-5.172738772469766960e-02
-6.237128082462017019e-03
9.431801923604027360e-02
-1.037647118623844129e-02
-3.721990107013230242e-02
7.564810058333178155e-02
-5.949924112870548509e-02
4.498418070056845602e-02
1.414436575169880075e-03
2.951533517144678057e-02
4.412435983010638829e-02
1.481303637294697009e-02
-9.097980397609882475e-02
-2.420465671657951248e-02
1.981811602902867203e-02
6.696359304255417033e-02
2.046589067789915742e-02
9.886130127815390134e-02
-1.092300657807098729e-01
-1.346044288943029979e-02
5.705788733463712514e-02
4.650185401045506262e-02
-1.004994766038591961e-02
6.007201128541456853e-02
1.399014610422304461e-01
4.394788629457101886e-02
-6.338741303866760914e-03
-1.197467826078211922e-01
-6.511383062498013463e-02
2.741750108449049136e-02
-1.758160911051706576e-02
1.055482377503319698e-02
1.077785370912758521e-02
6.777783592453195949e-02
2.438794560713259188e-02
9.061826349260967972e-02
2.556308008283581998e-02
2.216091576554693118e-02
-6.487259235960381176e-02
-6.365536536918645072e-02
1.439738942682364936e-02
3.103016296189879588e-03
-7.587780367511594293e-02
-8.721446040433791791e-02
3.830496223461169608e-02
-5.034088458493007900e-02
-3.001351618522039508e-02
-1.910360741252537659e-02
9.177067662389552793e-02
-3.217261518340666648e-02
2.019726732291529658e-02
1.512353623977469308e-01
6.366392395715556041e-02
-5.399179091071699271e-03
-4.800422078706621798e-02
-8.464588939743453166e-02
5.518287164070580925e-02
-9.469392493634438968e-03
6.217801237496628497e-03
6.543582307990858382e-02
4.580554565983775001e-02
8.989718738338368931e-02
-3.480807453907206611e-02
5.417430548378809885e-02
-6.139222311651285069e-02
7.085397639403097532e-03
3.241443347791969631e-02
7.715086330663985248e-03
-6.061168419137548391e-02
1.130006502748683852e-03
3.117721247761588363e-02
2.870230984687246328e-02
8.055644159376754154e-02
3.407894452887372250e-02
-6.033180131877093066e-02
3.230627454142263183e-02
-4.786630398804552627e-02
4.222666589856435837e-02
7.854620534913550611e-02
-3.083408124624368099e-02
-3.668295462205808238e-02
4.468521799268077022e-02
6.403481646836643726e-02
-2.770639528791533218e-02
2.121189380617683612e-02
2.585368609256102901e-02
-4.752331903356116216e-02
-1.193795761593899885e-01
-6.806401153743940613e-02
-2.366301959041544438e-03
-6.381805370899530649e-02
3.331286241944906093e-03
-1.102001123501940814e-02
8.713269543026902486e-02
3.641179746250258059e-02
-8.637895146627747045e-02
-4.760413989844503729e-02
-5.826196952431682979e-02
4.546765925544160591e-02
1.247298107437499748e-01
-4.786964217916399658e-03
-1.340505330270605651e-02
-6.570204744143270936e-02
-1.043311842770681258e-01
6.362885262215118090e-03
1.390882204300272762e-02
3.979161977971255870e-02
5.124596750095899295e-02
-1.416303816390641346e-01
-2.833227301090748829e-02
-6.448517909338273568e-02
3.960891503964850818e-02
-4.935724133598493740e-02
2.798279706325892610e-02
-2.153940823657501599e-02
3.904637583098526793e-02
5.237122724809097074e-02
-3.185781398953750621e-02
9.722526538869144530e-02
-1.136976328236301292e-02
6.569436832422685668e-02
-5.912015409283155609e-02
8.946111531988303056e-02
7.705860751283240273e-02
5.605760283233792579e-02
1.258884003295639986e-01
7.633562612390537572e-02
-2.126938311626776559e-02
-8.710326101495076412e-02
-1.146207308737098862e-01
1.614687772375511532e-01
-6.214324310432600695e-02
3.713336052903279220e-03
-3.481696502134124654e-02
7.690288057947450642e-03
2.052996979847263731e-02
-2.845936790976693817e-02
-1.571858966877395791e-02
-8.563470629711951096e-03
-3.132049433010125616e-02
4.798881133289998463e-02
8.672878961854994795e-02
5.558102796245433658e-02
-1.017813502373389814e-02
4.920642930763169387e-02
-2.297518578858977548e-02
2.379411887674867665e-02
5.712598341825873144e-02
-4.459537680509666202e-02
-1.063555468096490375e-01
-2.866280274315464657e-02
-1.957342094606736096e-02
-6.279671176321371950e-02
-3.285221569016250759e-02
-6.288744829515817425e-02
1.008259295735225436e-01
6.996408281565671961e-02
1.007151512741976448e-03
3.234736312938559649e-02
-3.401189116036228838e-02
-1.792402213448893861e-02
9.627752469726229279e-02
-4.323302724256639779e-02
-5.149939147161410741e-02
3.562759711190656431e-02
-5.977303314852457777e-02
3.166189745705359770e-02
-7.014132073623059738e-02
-6.316142465443947557e-03
-2.799688009815814657e-02
6.951157316774030093e-02
3.044335536578486601e-02
-7.731437040894667545e-02
-8.344838683131601889e-03
-4.094823552218621737e-02
-3.586619347999638052e-02
5.632055741193719989e-02
3.576585558322138703e-03
-7.720202955466461819e-03
-5.656417242383466465e-02
5.668243505989661868e-02
-8.687670713618442231e-02
8.587053068388765531e-02
2.902361003011161289e-02
-4.008981634855125070e-02
-1.307075461565238277e-03
-7.533640797026511932e-03
-5.933643645764646174e-02
7.311153993627254877e-02
1.009631670960366573e-01
5.122886029922914947e-02
4.410425408847930967e-02
-3.106741324577425370e-02
-3.943446848658282294e-02
-1.096455442434952909e-02
-1.522759441520708523e-01
-4.999466304629140989e-02
-2.179767356552070670e-02
-6.701931211914650965e-02
2.482082841601510048e-02
-5.203944414302549837e-02
-3.627711256843563908e-02
8.405279749493410613e-02
-1.077232693357479537e-01
-1.298633323941515705e-02
-4.019899565369660505e-02
6.431801531871601807e-02
-5.137453667711772143e-02
-4.093175365961487094e-02
9.228492863925323586e-02
6.234726665765506076e-02
5.876470197868656486e-02
3.628492107742072731e-02
6.156830188329748960e-02
-1.235333232920087232e-01
3.229032274673900721e-02
2.465148186021416665e-02
-3.274872579245186825e-03
5.643696307308875004e-02
-3.693066170198452611e-03
-2.269487030794982430e-02
1.700777566877235622e-02
1.579224133472497196e-02
-1.167618307940007476e-02
-2.373574734056740129e-03
8.244629604155295083e-03
-2.160036493624792678e-02
-5.553585229291101502e-03
-7.118818930158810065e-02
4.776024418883949296e-02
-1.326736831225883151e-01
-2.542025410243433856e-02
-3.485906998257388978e-02
9.144886474998693837e-02
8.637131510814115287e-02
1.237575505205482443e-02
3.549042159817944464e-02
4.957824838210518614e-02
-6.578947237702857664e-02
8.519740460683907293e-03
-2.150471729769241197e-02
-2.636375169585896891e-02
5.440190529150004672e-02
7.577991899267179365e-02
4.483943644599096973e-02
4.459236821138982954e-02
-1.157308392177063966e-01
-2.349530300957514486e-02
-2.514298187542022764e-02
2.823484925299827100e-02
-4.601802579324308640e-02
-8.249775568634341860e-03
8.627444078104706815e-02
-6.118745505044860620e-04
-2.060193879159613953e-02
-1.884092521903695666e-02
4.194688259032012395e-02
-1.305797149928114020e-01
2.583232089029679004e-02
2.459631645583229553e-02
-1.461390695919099481e-01
-5.015730231799870459e-02
4.708369426893843634e-02
-1.204276939794910774e-02
3.684123198420015399e-02
3.573107419872730006e-02
6.086502347747509145e-02
5.240459448462136266e-02
1.567637719165080386e-04
5.570043742460892983e-02
-4.210779240248723257e-03
1.149496998759665968e-02
4.040583715412816163e-02
-1.963268370396501969e-02
5.315773733738845402e-02
-1.618598401152841152e-03
-4.103786973289304252e-02
4.656186252132198111e-02
5.334313680544165021e-02
-1.034330792749639100e-01
2.474300910068076564e-02
1.065063520957701959e-01
-2.654436893415985932e-02
-8.127707644764411987e-02
8.245682481681783707e-03
7.698059839329308984e-02
8.768436766001404259e-02
-3.842629267836564742e-03
3.990002996647772776e-02
-2.818569358423933871e-02
1.891530682979822298e-02
-6.731568337542905012e-02
6.859665910246139087e-02
7.259692211311200190e-03
3.500824441032274886e-02
1.799715690625006831e-02
-1.670126796568786529e-02
-3.649477962979868345e-02
-8.404159125097405980e-02
9.148384080717136824e-03
1.952375604598259595e-02
-4.958986865353623430e-02
-1.336351136620667589e-02
2.930187233203528432e-02
1.233731325716917321e-01
-6.465424825439670953e-02
4.754426488992340855e-02
-1.352635080162611567e-02
-2.535765151790588673e-02
-1.346673683485720592e-02
7.525164085543464831e-02
-1.018967274270830316e-02
-2.790082291384582761e-02
7.638504314239645543e-02
-1.533870328869859842e-02
-3.209449967932091318e-03
-1.076799055652879200e-01
-9.319626955160487114e-02
-7.906697391610913173e-02
5.805521166663770577e-02
-6.209538044630532466e-02
2.304713742777031102e-02
1.654141095658058979e-03
4.513006025868882692e-02
-6.270053846495153571e-02
-9.892288278331187734e-02
-8.944194649782669093e-02
-3.654386117379786192e-02
-2.470616444804120751e-02
4.470305045868071953e-02
-4.696787576810006019e-03
1.367812007106609939e-01
-6.907466431843303778e-02
6.338450704027533134e-02
-6.981452870066724367e-03
6.222671830181392312e-03
8.637838353705769301e-02
-7.023354533312220482e-02
4.743692797135792144e-02
-7.408140559327916486e-02
6.101737029800400475e-02
-3.795940226083110991e-02
-3.249718819837881661e-02
-6.455220100838178487e-02
-1.526231520496798295e-03
4.209463630167939452e-02
1.974203269766853022e-02
1.823132840502268356e-02
6.853365240877429265e-02
9.325483683200352925e-02
1.401984761818023291e-02
-6.724947023323521282e-03
-7.852264467786887470e-02
5.189786457799127435e-04
-2.241967918061544066e-02
2.557496035502644302e-02
-7.737099070147671065e-02
1.429395225209954302e-02
6.470624717041240093e-02
-6.705924776835814035e-04
4.936221164761612351e-02
-5.923748717400975812e-03
1.967904846189809723e-02
-1.047970547876452344e-02
1.755070657439889575e-02
7.938398655671814741e-02
-1.585710819981891173e-01
4.630958547710044282e-02
2.277448803689660975e-02
2.617336967340060105e-02
-4.831809325391128035e-02
-3.367137069977130248e-02
-2.453278454473190387e-02
4.542391689010089745e-02
-3.070288434808967487e-02
8.986212576308900274e-03
-8.633517292573862634e-02
-5.736167558078902190e-02
-2.916562224225374353e-02
-4.520675200740806310e-02
1.509253544770737254e-01
-2.136561510739696731e-02
1.566028517465134148e-02
