1 4 40 
0 5 41 
3 9 45 
2 4 10 46 
0 3 5 11 48 
1 4 
7 16 51 
6 8 9 17 52 
7 10 18 
2 7 10 53 
3 8 9 11 19 
4 10 
13 22 56 
12 14 23 57 
13 15 16 24 59 
14 17 25 
6 14 17 60 
7 15 16 18 
8 17 19 
10 18 
21 31 64 
20 22 32 65 
12 21 23 34 67 
13 22 24 35 
14 23 25 
15 24 
27 28 70 
26 29 
26 29 71 
27 28 30 31 72 
29 32 
20 29 32 73 
21 30 31 33 34 
32 35 
22 32 35 
23 33 34 
37 41 82 
36 83 
39 45 87 
38 40 47 89 
0 39 41 48 90 
1 36 40 92 
43 44 51 96 
42 45 52 
42 45 97 
2 38 43 44 46 47 53 98 
3 45 48 
39 45 48 
4 40 46 47 
50 58 103 
49 51 59 104 
6 42 50 52 60 106 
7 43 51 53 
9 45 52 
55 64 110 
54 56 66 112 
12 55 57 58 67 113 
13 56 59 
49 56 59 114 
14 50 57 58 60 
16 51 59 
62 63 71 119 
61 64 72 
61 64 120 
20 54 62 63 65 66 73 121 
21 64 67 
55 64 67 
22 56 65 66 
69 125 
68 70 127 
26 69 71 128 
28 61 70 72 129 
29 62 71 73 
31 64 72 
78 133 
76 81 136 
75 77 82 137 
76 78 83 139 
74 77 140 
80 88 143 
79 81 89 144 
75 80 82 91 146 
36 76 81 83 92 
37 77 82 
85 95 149 
84 86 96 150 
85 87 88 97 152 
38 86 89 98 
79 86 89 153 
39 80 87 88 90 91 
40 89 92 
81 89 92 
41 82 90 91 
94 102 157 
93 95 103 158 
84 94 96 105 160 
42 85 95 97 106 
44 86 96 98 
45 87 97 
100 111 163 
99 101 102 112 164 
100 103 113 
93 100 103 165 
49 94 101 102 104 105 114 
50 103 106 
95 103 106 
51 96 104 105 
108 118 169 
107 109 119 170 
108 110 111 120 172 
54 109 112 121 
99 109 112 173 
55 100 110 111 113 
56 101 112 114 
58 103 113 
116 126 176 
115 117 118 127 177 
116 119 128 
107 116 119 178 
61 108 117 118 120 129 
63 109 119 121 
64 110 120 
123 180 
122 124 181 
123 125 126 183 
68 124 127 
115 124 127 184 
69 116 125 126 128 
70 117 127 129 
71 119 128 
133 188 
132 138 192 
131 133 139 193 
74 130 132 140 195 
135 143 198 
134 136 145 199 
75 135 137 138 146 200 
76 136 139 
131 136 139 201 
77 132 137 138 140 
78 133 139 
142 151 205 
141 143 152 206 
79 134 142 144 145 153 208 
80 143 146 
135 143 146 
81 136 144 145 
148 157 211 
147 149 159 213 
84 148 150 151 160 214 
85 149 152 
141 149 152 215 
86 142 150 151 153 
88 143 152 
155 156 163 218 
154 157 164 
154 157 219 
93 147 155 156 158 159 165 220 
94 157 160 
148 157 160 
95 149 158 159 
162 171 224 
161 163 172 225 
99 154 162 164 173 227 
100 155 163 165 
102 157 164 
167 168 176 230 
166 169 177 
166 169 231 
107 167 168 170 171 178 232 
108 169 172 
161 169 172 233 
109 162 170 171 173 
111 163 172 
175 182 237 
174 176 183 238 
115 166 175 177 184 240 
116 167 176 178 
118 169 177 
180 242 
122 179 181 182 243 
123 180 183 
174 180 183 244 
124 175 181 182 184 
126 176 183 
188 248 
187 192 252 
186 188 194 254 
130 185 187 195 255 
190 191 199 259 
189 192 200 
189 192 260 
131 186 190 191 193 194 201 261 
132 192 195 
187 192 195 
133 188 193 194 
197 205 266 
196 198 207 268 
134 197 199 208 269 
135 189 198 200 271 
136 190 199 201 
138 192 200 
203 204 213 275 
202 205 214 
202 205 276 
141 196 203 204 206 207 215 277 
142 205 208 
197 205 208 
143 198 206 207 
210 218 281 
209 211 212 219 283 
147 210 213 220 
210 213 284 
148 202 211 212 214 285 
149 203 213 215 
151 205 214 
217 224 289 
216 218 226 291 
154 209 217 219 227 292 
156 210 218 220 
157 211 219 
222 223 231 297 
221 224 232 
221 224 298 
161 216 222 223 225 226 233 299 
162 224 227 
217 224 227 
163 218 225 226 
229 237 304 
228 230 239 306 
166 229 231 240 307 
168 221 230 232 308 
169 222 231 233 
171 224 232 
235 236 242 310 
234 237 243 
234 237 311 
174 228 235 236 238 239 244 312 
175 237 240 
229 237 240 
176 230 238 239 
242 313 
179 234 241 243 314 
180 235 242 244 
182 237 243 
246 251 319 
245 247 253 320 
246 248 254 321 
185 247 255 
250 258 324 
249 251 259 325 
245 250 252 253 260 327 
186 251 254 261 
246 251 254 
187 247 252 253 255 
188 248 254 
257 267 331 
256 258 268 332 
249 257 259 270 334 
189 250 258 260 271 
191 251 259 261 
192 252 260 
263 264 274 337 
262 265 275 
262 265 338 
263 264 266 267 276 339 
196 265 268 277 
256 265 268 340 
197 257 266 267 269 270 
198 268 271 
258 268 271 
199 259 269 270 
273 282 344 
272 274 283 345 
262 273 275 284 347 
202 263 274 276 285 
204 265 275 277 
205 266 276 
279 288 350 
278 280 290 351 
279 281 282 291 352 
209 280 283 292 
272 280 283 353 
210 273 281 282 284 
212 274 283 285 
213 275 284 
287 296 357 
286 288 297 358 
278 287 289 290 298 360 
216 288 291 299 
279 288 291 
217 280 289 290 292 
218 281 291 
294 305 364 
293 295 296 306 365 
294 297 307 
286 294 297 366 
221 287 295 296 298 308 
223 288 297 299 
224 289 298 
301 302 309 368 
300 303 310 
300 303 369 
301 302 304 305 311 370 
228 303 306 312 
293 303 306 371 
229 294 304 305 307 
230 295 306 308 
231 297 307 
300 310 313 373 
234 301 309 311 314 
236 303 310 312 
237 304 311 
241 309 314 
242 310 313 
316 320 379 
315 321 
318 324 383 
317 319 326 385 
245 318 320 327 386 
246 315 319 321 388 
247 316 320 
323 331 392 
322 324 333 394 
249 317 323 325 326 334 395 
250 324 327 
318 324 327 
251 319 325 326 
329 330 338 400 
328 331 339 
328 331 401 
256 322 329 330 332 333 340 402 
257 331 334 
323 331 334 
258 324 332 333 
336 344 406 
335 337 346 408 
262 336 338 347 409 
264 328 337 339 410 
265 329 338 340 
267 331 339 
342 343 351 414 
341 344 352 
341 344 415 
272 335 342 343 345 346 353 416 
273 344 347 
336 344 347 
274 337 345 346 
349 357 421 
348 350 359 423 
278 349 351 360 424 
279 341 350 352 426 
280 342 351 353 
282 344 352 
355 356 364 430 
354 357 365 
354 357 431 
286 348 355 356 358 359 366 432 
287 357 360 
349 357 360 
288 350 358 359 
362 363 369 437 
361 364 370 
361 364 438 
293 354 362 363 365 371 439 
294 355 364 366 
296 357 365 
368 372 441 
300 367 369 373 442 
302 361 368 370 443 
303 362 369 371 
305 364 370 
367 373 
309 368 372 
375 378 446 
374 379 447 
377 384 451 
376 378 385 452 
374 377 379 387 454 
315 375 378 388 
381 391 457 
380 382 393 458 
381 383 384 394 459 
317 382 385 395 
376 382 385 460 
318 377 383 384 386 387 
319 385 388 
378 385 388 
320 379 386 387 
390 399 464 
389 391 400 465 
380 390 392 393 401 467 
322 391 394 402 
381 391 394 
323 382 392 393 395 
324 383 394 
397 407 470 
396 398 399 408 471 
397 400 409 
389 397 400 472 
328 390 398 399 401 410 
330 391 400 402 
331 392 401 
404 413 475 
403 405 414 476 
404 406 407 415 478 
335 405 408 416 
396 405 408 479 
336 397 406 407 409 
337 398 408 410 
338 400 409 
412 422 483 
411 413 423 484 
403 412 414 425 486 
341 404 413 415 426 
343 405 414 416 
344 406 415 
418 419 429 489 
417 420 430 
417 420 490 
418 419 421 422 431 491 
348 420 423 432 
411 420 423 492 
349 412 421 422 424 425 
350 423 426 
413 423 426 
351 414 424 425 
428 436 496 
427 429 437 497 
417 428 430 438 499 
354 418 429 431 439 
356 420 430 432 
357 421 431 
434 440 500 
433 435 436 441 501 
434 437 442 
427 434 437 502 
361 428 435 436 438 443 
363 429 437 439 
364 430 438 
433 441 503 
367 434 440 442 
368 435 441 443 
369 437 442 
445 451 506 
444 446 453 508 
374 445 447 454 509 
375 446 
449 450 458 512 
448 451 459 
448 451 513 
376 444 449 450 452 453 460 514 
377 451 454 
445 451 454 
378 446 452 453 
456 464 517 
455 457 466 519 
380 456 458 467 520 
381 448 457 459 522 
382 449 458 460 
384 451 459 
462 463 470 525 
461 464 471 
461 464 526 
389 455 462 463 465 466 472 527 
390 464 467 
456 464 467 
391 457 465 466 
469 477 531 
468 470 478 532 
396 461 469 471 479 534 
397 462 470 472 
399 464 471 
474 483 537 
473 475 485 539 
403 474 476 477 486 540 
404 475 478 
468 475 478 541 
405 469 476 477 479 
407 470 478 
481 482 490 545 
480 483 491 
480 483 546 
411 473 481 482 484 485 492 547 
412 483 486 
474 483 486 
413 475 484 485 
488 496 550 
487 489 498 552 
417 488 490 499 553 
419 480 489 491 554 
420 481 490 492 
422 483 491 
494 495 500 555 
493 496 501 
493 496 556 
427 487 494 495 497 498 502 557 
428 496 499 
488 496 499 
429 489 497 498 
433 493 501 503 558 
434 494 500 502 
436 496 501 
440 500 
505 512 562 
504 506 507 513 564 
444 505 508 514 
505 508 565 
445 506 507 509 566 
446 508 
511 519 570 
510 512 521 572 
448 504 511 513 522 573 
450 505 512 514 
451 506 513 
516 525 577 
515 517 518 526 579 
455 516 519 527 
516 519 580 
456 510 517 518 520 521 581 
457 519 522 
511 519 522 
458 512 520 521 
524 531 586 
523 525 533 588 
461 515 524 526 534 589 
463 516 525 527 
464 517 526 
529 530 539 593 
528 531 540 
528 531 594 
468 523 529 530 532 533 541 595 
469 531 534 
524 531 534 
470 525 532 533 
536 545 600 
535 537 538 546 602 
473 536 539 547 
536 539 603 
474 528 537 538 540 604 
475 529 539 541 
477 531 540 
543 544 552 607 
542 545 553 
542 545 608 
480 535 543 544 546 554 609 
482 536 545 547 
483 537 546 
549 555 610 
548 550 551 556 611 
487 549 552 557 
549 552 612 
488 542 550 551 553 613 
489 543 552 554 
490 545 553 
493 548 556 558 614 
495 549 555 557 
496 550 556 
500 555 
560 569 617 
559 561 571 618 
560 562 563 572 619 
504 561 564 573 
561 564 620 
505 562 563 565 
507 564 566 
508 565 
568 578 624 
567 569 579 625 
559 568 570 571 580 627 
510 569 572 581 
560 569 572 
511 561 570 571 573 
512 562 572 
575 585 630 
574 576 587 632 
575 577 578 588 633 
515 576 579 589 
567 576 579 634 
516 568 577 578 580 
518 569 579 581 
519 570 580 
583 584 592 637 
582 585 593 
582 585 638 
574 583 584 586 587 594 639 
523 585 588 595 
575 585 588 
524 576 586 587 589 
525 577 588 
591 601 643 
590 592 602 644 
582 591 593 603 646 
528 583 592 594 604 
530 585 593 595 
531 586 594 
597 598 606 647 
596 599 607 
596 599 648 
597 598 600 601 608 649 
535 599 602 609 
590 599 602 650 
536 591 600 601 603 
538 592 602 604 
539 593 603 
606 611 651 
596 605 607 612 652 
542 597 606 608 613 
544 599 607 609 
545 600 608 
548 611 614 
549 605 610 612 
551 606 611 613 
552 607 612 
555 610 
616 624 657 
615 617 626 659 
559 616 618 627 660 
560 617 619 662 
561 618 620 
563 619 
622 623 632 666 
621 624 633 
621 624 667 
567 615 622 623 625 626 634 668 
568 624 627 
616 624 627 
569 617 625 626 
629 637 672 
628 630 631 638 674 
574 629 632 639 
629 632 675 
575 621 630 631 633 676 
576 622 632 634 
578 624 633 
636 643 679 
635 637 645 681 
582 628 636 638 646 682 
584 629 637 639 
585 630 638 
641 642 648 684 
640 643 649 
640 643 685 
590 635 641 642 644 645 650 686 
591 643 646 
636 643 646 
592 637 644 645 
596 648 652 687 
598 640 647 649 688 
599 641 648 650 
601 643 649 
605 652 
606 647 651 
654 655 665 
653 656 666 
653 656 
654 655 657 658 667 
615 656 659 668 
656 659 
616 657 658 660 661 
617 659 662 
659 662 
618 660 661 
664 673 
663 665 674 
653 664 666 675 
621 654 665 667 676 
623 656 666 668 
624 657 667 
670 678 
669 671 680 
670 672 673 681 
628 671 674 682 
663 671 674 
629 664 672 673 675 
631 665 674 676 
632 666 675 
678 684 
669 677 679 680 685 
635 678 681 686 
670 678 681 
636 671 679 680 682 
637 672 681 
684 687 
640 677 683 685 688 
642 678 684 686 
643 679 685 
647 683 688 
648 684 687 
