1 25 stop stop stop 
0 2 26 stop stop 
1 3 27 stop stop 
2 4 28 stop stop 
3 5 29 stop stop 
4 6 30 stop stop 
5 7 31 stop stop 
6 8 32 stop stop 
7 9 33 stop stop 
8 10 34 stop stop 
9 11 35 stop stop 
10 12 36 stop stop 
11 13 37 stop stop 
12 14 38 stop stop 
13 15 39 stop stop 
14 16 40 stop stop 
15 17 41 stop stop 
16 18 42 stop stop 
17 19 43 stop stop 
18 20 44 stop stop 
19 21 45 stop stop 
20 22 46 stop stop 
21 23 47 stop stop 
22 24 48 stop stop 
23 49 stop stop stop 
0 26 50 stop stop 
1 25 27 51 stop 
2 26 28 52 stop 
3 27 29 53 stop 
4 28 30 54 stop 
5 29 31 55 stop 
6 30 32 56 stop 
7 31 33 57 stop 
8 32 34 58 stop 
9 33 35 59 stop 
10 34 36 60 stop 
11 35 37 61 stop 
12 36 38 62 stop 
13 37 39 63 stop 
14 38 40 64 stop 
15 39 41 65 stop 
16 40 42 66 stop 
17 41 43 67 stop 
18 42 44 68 stop 
19 43 45 69 stop 
20 44 46 70 stop 
21 45 47 71 stop 
22 46 48 72 stop 
23 47 49 73 stop 
24 48 74 stop stop 
25 51 75 stop stop 
26 50 52 76 stop 
27 51 53 77 stop 
28 52 54 78 stop 
29 53 55 79 stop 
30 54 56 80 stop 
31 55 57 81 stop 
32 56 58 82 stop 
33 57 59 83 stop 
34 58 60 84 stop 
35 59 61 85 stop 
36 60 62 86 stop 
37 61 63 87 stop 
38 62 64 88 stop 
39 63 65 89 stop 
40 64 66 90 stop 
41 65 67 91 stop 
42 66 68 92 stop 
43 67 69 93 stop 
44 68 70 94 stop 
45 69 71 95 stop 
46 70 72 96 stop 
47 71 73 97 stop 
48 72 74 98 stop 
49 73 99 stop stop 
50 76 100 stop stop 
51 75 77 101 stop 
52 76 78 102 stop 
53 77 79 103 stop 
54 78 80 104 stop 
55 79 81 105 stop 
56 80 82 106 stop 
57 81 83 107 stop 
58 82 84 108 stop 
59 83 85 109 stop 
60 84 86 110 stop 
61 85 87 111 stop 
62 86 88 112 stop 
63 87 89 113 stop 
64 88 90 114 stop 
65 89 91 115 stop 
66 90 92 116 stop 
67 91 93 117 stop 
68 92 94 118 stop 
69 93 95 119 stop 
70 94 96 120 stop 
71 95 97 121 stop 
72 96 98 122 stop 
73 97 99 123 stop 
74 98 124 stop stop 
75 101 125 stop stop 
76 100 102 126 stop 
77 101 103 127 stop 
78 102 104 128 stop 
79 103 105 129 stop 
80 104 106 130 stop 
81 105 107 131 stop 
82 106 108 132 stop 
83 107 109 133 stop 
84 108 110 134 stop 
85 109 111 135 stop 
86 110 112 136 stop 
87 111 113 137 stop 
88 112 114 138 stop 
89 113 115 139 stop 
90 114 116 140 stop 
91 115 117 141 stop 
92 116 118 142 stop 
93 117 119 143 stop 
94 118 120 144 stop 
95 119 121 145 stop 
96 120 122 146 stop 
97 121 123 147 stop 
98 122 124 148 stop 
99 123 149 stop stop 
100 126 150 stop stop 
101 125 127 151 stop 
102 126 128 152 stop 
103 127 129 153 stop 
104 128 130 154 stop 
105 129 131 155 stop 
106 130 132 156 stop 
107 131 133 157 stop 
108 132 134 158 stop 
109 133 135 159 stop 
110 134 136 160 stop 
111 135 137 161 stop 
112 136 138 162 stop 
113 137 139 163 stop 
114 138 140 164 stop 
115 139 141 165 stop 
116 140 142 166 stop 
117 141 143 167 stop 
118 142 144 168 stop 
119 143 145 169 stop 
120 144 146 170 stop 
121 145 147 171 stop 
122 146 148 172 stop 
123 147 149 173 stop 
124 148 174 stop stop 
125 151 175 stop stop 
126 150 152 176 stop 
127 151 153 177 stop 
128 152 154 178 stop 
129 153 155 179 stop 
130 154 156 180 stop 
131 155 157 181 stop 
132 156 158 182 stop 
133 157 159 183 stop 
134 158 160 184 stop 
135 159 161 185 stop 
136 160 162 186 stop 
137 161 163 187 stop 
138 162 164 188 stop 
139 163 165 189 stop 
140 164 166 190 stop 
141 165 167 191 stop 
142 166 168 192 stop 
143 167 169 193 stop 
144 168 170 194 stop 
145 169 171 195 stop 
146 170 172 196 stop 
147 171 173 197 stop 
148 172 174 198 stop 
149 173 199 stop stop 
150 176 200 stop stop 
151 175 177 201 stop 
152 176 178 202 stop 
153 177 179 203 stop 
154 178 180 204 stop 
155 179 181 205 stop 
156 180 182 206 stop 
157 181 183 207 stop 
158 182 184 208 stop 
159 183 185 209 stop 
160 184 186 210 stop 
161 185 187 211 stop 
162 186 188 212 stop 
163 187 189 213 stop 
164 188 190 214 stop 
165 189 191 215 stop 
166 190 192 216 stop 
167 191 193 217 stop 
168 192 194 218 stop 
169 193 195 219 stop 
170 194 196 220 stop 
171 195 197 221 stop 
172 196 198 222 stop 
173 197 199 223 stop 
174 198 224 stop stop 
175 201 225 stop stop 
176 200 202 226 stop 
177 201 203 227 stop 
178 202 204 228 stop 
179 203 205 229 stop 
180 204 206 230 stop 
181 205 207 231 stop 
182 206 208 232 stop 
183 207 209 233 stop 
184 208 210 234 stop 
185 209 211 235 stop 
186 210 212 236 stop 
187 211 213 237 stop 
188 212 214 238 stop 
189 213 215 239 stop 
190 214 216 240 stop 
191 215 217 241 stop 
192 216 218 242 stop 
193 217 219 243 stop 
194 218 220 244 stop 
195 219 221 245 stop 
196 220 222 246 stop 
197 221 223 247 stop 
198 222 224 248 stop 
199 223 249 stop stop 
200 226 250 stop stop 
201 225 227 251 stop 
202 226 228 252 stop 
203 227 229 253 stop 
204 228 230 254 stop 
205 229 231 255 stop 
206 230 232 256 stop 
207 231 233 257 stop 
208 232 234 258 stop 
209 233 235 259 stop 
210 234 236 260 stop 
211 235 237 261 stop 
212 236 238 262 stop 
213 237 239 263 stop 
214 238 240 264 stop 
215 239 241 265 stop 
216 240 242 266 stop 
217 241 243 267 stop 
218 242 244 268 stop 
219 243 245 269 stop 
220 244 246 270 stop 
221 245 247 271 stop 
222 246 248 272 stop 
223 247 249 273 stop 
224 248 274 stop stop 
225 251 275 stop stop 
226 250 252 276 stop 
227 251 253 277 stop 
228 252 254 278 stop 
229 253 255 279 stop 
230 254 256 280 stop 
231 255 257 281 stop 
232 256 258 282 stop 
233 257 259 283 stop 
234 258 260 284 stop 
235 259 261 285 stop 
236 260 262 286 stop 
237 261 263 287 stop 
238 262 264 288 stop 
239 263 265 289 stop 
240 264 266 290 stop 
241 265 267 291 stop 
242 266 268 292 stop 
243 267 269 293 stop 
244 268 270 294 stop 
245 269 271 295 stop 
246 270 272 296 stop 
247 271 273 297 stop 
248 272 274 298 stop 
249 273 299 stop stop 
250 276 300 stop stop 
251 275 277 301 stop 
252 276 278 302 stop 
253 277 279 303 stop 
254 278 280 304 stop 
255 279 281 305 stop 
256 280 282 306 stop 
257 281 283 307 stop 
258 282 284 308 stop 
259 283 285 309 stop 
260 284 286 310 stop 
261 285 287 311 stop 
262 286 288 312 stop 
263 287 289 313 stop 
264 288 290 314 stop 
265 289 291 315 stop 
266 290 292 316 stop 
267 291 293 317 stop 
268 292 294 318 stop 
269 293 295 319 stop 
270 294 296 320 stop 
271 295 297 321 stop 
272 296 298 322 stop 
273 297 299 323 stop 
274 298 324 stop stop 
275 301 325 stop stop 
276 300 302 326 stop 
277 301 303 327 stop 
278 302 304 328 stop 
279 303 305 329 stop 
280 304 306 330 stop 
281 305 307 331 stop 
282 306 308 332 stop 
283 307 309 333 stop 
284 308 310 334 stop 
285 309 311 335 stop 
286 310 312 336 stop 
287 311 313 337 stop 
288 312 314 338 stop 
289 313 315 339 stop 
290 314 316 340 stop 
291 315 317 341 stop 
292 316 318 342 stop 
293 317 319 343 stop 
294 318 320 344 stop 
295 319 321 345 stop 
296 320 322 346 stop 
297 321 323 347 stop 
298 322 324 348 stop 
299 323 349 stop stop 
300 326 350 stop stop 
301 325 327 351 stop 
302 326 328 352 stop 
303 327 329 353 stop 
304 328 330 354 stop 
305 329 331 355 stop 
306 330 332 356 stop 
307 331 333 357 stop 
308 332 334 358 stop 
309 333 335 359 stop 
310 334 336 360 stop 
311 335 337 361 stop 
312 336 338 362 stop 
313 337 339 363 stop 
314 338 340 364 stop 
315 339 341 365 stop 
316 340 342 366 stop 
317 341 343 367 stop 
318 342 344 368 stop 
319 343 345 369 stop 
320 344 346 370 stop 
321 345 347 371 stop 
322 346 348 372 stop 
323 347 349 373 stop 
324 348 374 stop stop 
325 351 375 stop stop 
326 350 352 376 stop 
327 351 353 377 stop 
328 352 354 378 stop 
329 353 355 379 stop 
330 354 356 380 stop 
331 355 357 381 stop 
332 356 358 382 stop 
333 357 359 383 stop 
334 358 360 384 stop 
335 359 361 385 stop 
336 360 362 386 stop 
337 361 363 387 stop 
338 362 364 388 stop 
339 363 365 389 stop 
340 364 366 390 stop 
341 365 367 391 stop 
342 366 368 392 stop 
343 367 369 393 stop 
344 368 370 394 stop 
345 369 371 395 stop 
346 370 372 396 stop 
347 371 373 397 stop 
348 372 374 398 stop 
349 373 399 stop stop 
350 376 400 stop stop 
351 375 377 401 stop 
352 376 378 402 stop 
353 377 379 403 stop 
354 378 380 404 stop 
355 379 381 405 stop 
356 380 382 406 stop 
357 381 383 407 stop 
358 382 384 408 stop 
359 383 385 409 stop 
360 384 386 410 stop 
361 385 387 411 stop 
362 386 388 412 stop 
363 387 389 413 stop 
364 388 390 414 stop 
365 389 391 415 stop 
366 390 392 416 stop 
367 391 393 417 stop 
368 392 394 418 stop 
369 393 395 419 stop 
370 394 396 420 stop 
371 395 397 421 stop 
372 396 398 422 stop 
373 397 399 423 stop 
374 398 424 stop stop 
375 401 425 stop stop 
376 400 402 426 stop 
377 401 403 427 stop 
378 402 404 428 stop 
379 403 405 429 stop 
380 404 406 430 stop 
381 405 407 431 stop 
382 406 408 432 stop 
383 407 409 433 stop 
384 408 410 434 stop 
385 409 411 435 stop 
386 410 412 436 stop 
387 411 413 437 stop 
388 412 414 438 stop 
389 413 415 439 stop 
390 414 416 440 stop 
391 415 417 441 stop 
392 416 418 442 stop 
393 417 419 443 stop 
394 418 420 444 stop 
395 419 421 445 stop 
396 420 422 446 stop 
397 421 423 447 stop 
398 422 424 448 stop 
399 423 449 stop stop 
400 426 450 stop stop 
401 425 427 451 stop 
402 426 428 452 stop 
403 427 429 453 stop 
404 428 430 454 stop 
405 429 431 455 stop 
406 430 432 456 stop 
407 431 433 457 stop 
408 432 434 458 stop 
409 433 435 459 stop 
410 434 436 460 stop 
411 435 437 461 stop 
412 436 438 462 stop 
413 437 439 463 stop 
414 438 440 464 stop 
415 439 441 465 stop 
416 440 442 466 stop 
417 441 443 467 stop 
418 442 444 468 stop 
419 443 445 469 stop 
420 444 446 470 stop 
421 445 447 471 stop 
422 446 448 472 stop 
423 447 449 473 stop 
424 448 474 stop stop 
425 451 475 stop stop 
426 450 452 476 stop 
427 451 453 477 stop 
428 452 454 478 stop 
429 453 455 479 stop 
430 454 456 480 stop 
431 455 457 481 stop 
432 456 458 482 stop 
433 457 459 483 stop 
434 458 460 484 stop 
435 459 461 485 stop 
436 460 462 486 stop 
437 461 463 487 stop 
438 462 464 488 stop 
439 463 465 489 stop 
440 464 466 490 stop 
441 465 467 491 stop 
442 466 468 492 stop 
443 467 469 493 stop 
444 468 470 494 stop 
445 469 471 495 stop 
446 470 472 496 stop 
447 471 473 497 stop 
448 472 474 498 stop 
449 473 499 stop stop 
450 476 500 stop stop 
451 475 477 501 stop 
452 476 478 502 stop 
453 477 479 503 stop 
454 478 480 504 stop 
455 479 481 505 stop 
456 480 482 506 stop 
457 481 483 507 stop 
458 482 484 508 stop 
459 483 485 509 stop 
460 484 486 510 stop 
461 485 487 511 stop 
462 486 488 512 stop 
463 487 489 513 stop 
464 488 490 514 stop 
465 489 491 515 stop 
466 490 492 516 stop 
467 491 493 517 stop 
468 492 494 518 stop 
469 493 495 519 stop 
470 494 496 520 stop 
471 495 497 521 stop 
472 496 498 522 stop 
473 497 499 523 stop 
474 498 524 stop stop 
475 501 525 stop stop 
476 500 502 526 stop 
477 501 503 527 stop 
478 502 504 528 stop 
479 503 505 529 stop 
480 504 506 530 stop 
481 505 507 531 stop 
482 506 508 532 stop 
483 507 509 533 stop 
484 508 510 534 stop 
485 509 511 535 stop 
486 510 512 536 stop 
487 511 513 537 stop 
488 512 514 538 stop 
489 513 515 539 stop 
490 514 516 540 stop 
491 515 517 541 stop 
492 516 518 542 stop 
493 517 519 543 stop 
494 518 520 544 stop 
495 519 521 545 stop 
496 520 522 546 stop 
497 521 523 547 stop 
498 522 524 548 stop 
499 523 549 stop stop 
500 526 550 stop stop 
501 525 527 551 stop 
502 526 528 552 stop 
503 527 529 553 stop 
504 528 530 554 stop 
505 529 531 555 stop 
506 530 532 556 stop 
507 531 533 557 stop 
508 532 534 558 stop 
509 533 535 559 stop 
510 534 536 560 stop 
511 535 537 561 stop 
512 536 538 562 stop 
513 537 539 563 stop 
514 538 540 564 stop 
515 539 541 565 stop 
516 540 542 566 stop 
517 541 543 567 stop 
518 542 544 568 stop 
519 543 545 569 stop 
520 544 546 570 stop 
521 545 547 571 stop 
522 546 548 572 stop 
523 547 549 573 stop 
524 548 574 stop stop 
525 551 575 stop stop 
526 550 552 576 stop 
527 551 553 577 stop 
528 552 554 578 stop 
529 553 555 579 stop 
530 554 556 580 stop 
531 555 557 581 stop 
532 556 558 582 stop 
533 557 559 583 stop 
534 558 560 584 stop 
535 559 561 585 stop 
536 560 562 586 stop 
537 561 563 587 stop 
538 562 564 588 stop 
539 563 565 589 stop 
540 564 566 590 stop 
541 565 567 591 stop 
542 566 568 592 stop 
543 567 569 593 stop 
544 568 570 594 stop 
545 569 571 595 stop 
546 570 572 596 stop 
547 571 573 597 stop 
548 572 574 598 stop 
549 573 599 stop stop 
550 576 600 stop stop 
551 575 577 601 stop 
552 576 578 602 stop 
553 577 579 603 stop 
554 578 580 604 stop 
555 579 581 605 stop 
556 580 582 606 stop 
557 581 583 607 stop 
558 582 584 608 stop 
559 583 585 609 stop 
560 584 586 610 stop 
561 585 587 611 stop 
562 586 588 612 stop 
563 587 589 613 stop 
564 588 590 614 stop 
565 589 591 615 stop 
566 590 592 616 stop 
567 591 593 617 stop 
568 592 594 618 stop 
569 593 595 619 stop 
570 594 596 620 stop 
571 595 597 621 stop 
572 596 598 622 stop 
573 597 599 623 stop 
574 598 624 stop stop 
575 601 stop stop stop 
576 600 602 stop stop 
577 601 603 stop stop 
578 602 604 stop stop 
579 603 605 stop stop 
580 604 606 stop stop 
581 605 607 stop stop 
582 606 608 stop stop 
583 607 609 stop stop 
584 608 610 stop stop 
585 609 611 stop stop 
586 610 612 stop stop 
587 611 613 stop stop 
588 612 614 stop stop 
589 613 615 stop stop 
590 614 616 stop stop 
591 615 617 stop stop 
592 616 618 stop stop 
593 617 619 stop stop 
594 618 620 stop stop 
595 619 621 stop stop 
596 620 622 stop stop 
597 621 623 stop stop 
598 622 624 stop stop 
599 623 stop stop stop 
