-3.398409680287349133e+00
-3.366003847025422324e+00
-3.364962111065906925e+00
-3.364243625127701254e+00
-3.359029496680299154e+00
-3.355044251395527422e+00
-3.330604714332266791e+00
-3.328793972912625243e+00
-3.324091257107542940e+00
-3.323263465449197707e+00
-3.308696904845659148e+00
-3.303487020489691783e+00
-3.294075155756973405e+00
-3.289919290920568784e+00
-3.285086263479582325e+00
-3.283972483762254591e+00
-3.273110697131727420e+00
-3.271016167571636934e+00
-3.268215155822766338e+00
-3.265133850696521289e+00
-3.259537903069210873e+00
-3.255594005155453274e+00
-3.248396682114421008e+00
-3.245241648287317648e+00
-3.244164023337041680e+00
-3.242870946297280454e+00
-3.236198330191498940e+00
-3.232243011387024634e+00
-3.227137232272457634e+00
-3.223709912829670010e+00
-3.220175312461608375e+00
-3.213302503768039387e+00
-3.207243051354084162e+00
-3.198113673121631972e+00
-3.194908659914241333e+00
-3.187912384586211623e+00
-3.183853779471300882e+00
-3.178029623328734399e+00
-3.172143860515185487e+00
-3.163657761990418926e+00
-3.160773396262047452e+00
-3.153427769412303405e+00
-3.148415501254082205e+00
-3.141219167963601677e+00
-3.134387990786033029e+00
-3.123971000793627439e+00
-3.115460802019065056e+00
-3.098514430645406215e+00
-3.096513535287190422e+00
-3.087086793027031373e+00
-3.079513372222748568e+00
-3.053338185019552231e+00
-3.046258370510872560e+00
-3.035029325807000244e+00
-3.027524359238568774e+00
-3.020586891310349742e+00
-3.012937459620339098e+00
-3.005955493630466435e+00
-2.997408660543464887e+00
-2.993107015511331959e+00
-2.982396804624172226e+00
-2.975878154774360684e+00
-2.968729071805567443e+00
-2.965329776884438662e+00
-2.949907417372325646e+00
-2.944689968909022237e+00
-2.941448211472249774e+00
-2.936897431953088500e+00
-2.932819086058577440e+00
-2.923558164667543480e+00
-2.915603089849885698e+00
-2.911087125097365558e+00
-2.904291723747839615e+00
-2.897643304623780836e+00
-2.887066911640772116e+00
-2.881114388018827466e+00
-2.861343969471501492e+00
-2.839653161614552612e+00
-2.834188491030516843e+00
-2.825813830342687183e+00
-2.820990288634834808e+00
-2.811819128752830022e+00
-2.808747157402784911e+00
-2.801776277076368338e+00
-2.795464359282037847e+00
-2.791053305682715369e+00
-2.782372281255569568e+00
-2.777109906204862089e+00
-2.770592793482535399e+00
-2.765230132918182981e+00
-2.755362638599816005e+00
-2.746122545888686872e+00
-2.733188492018618021e+00
-2.731555058712485717e+00
-2.725114678091368869e+00
-2.721934945243819293e+00
-2.706733917581369830e+00
-2.690444079956885393e+00
-2.687223184379925023e+00
-2.683677463991694268e+00
-2.679737772778848282e+00
-2.658561706362266630e+00
-2.647909641789021329e+00
-2.636589163339627007e+00
-2.627705127557722342e+00
-2.619775121288537179e+00
-2.613401616117807968e+00
-2.597954394562768776e+00
-2.587573570232718723e+00
-2.580399060705792724e+00
-2.575057644112736632e+00
-2.567174930434640956e+00
-2.556734636868323474e+00
-2.449432569160458595e+00
-2.435517501005683982e+00
-2.424507677304288844e+00
-2.406850777072428560e+00
-2.395424250787139275e+00
-2.389306981164636579e+00
-2.354684499181511015e+00
-2.335318218646315724e+00
-2.319658832811994920e+00
-2.298965779297591716e+00
-2.281132905690325785e+00
-2.272412023237728285e+00
-2.253670892345073451e+00
-2.248454944255534826e+00
-2.230746863405118408e+00
-2.221146199115032971e+00
-2.214579552838002119e+00
-2.208360010962263864e+00
-2.199210131303569682e+00
-2.195475716821663870e+00
-2.183845587298651303e+00
-2.169639167460777340e+00
-2.149763178403259811e+00
-2.148290964557033167e+00
-2.140223053015470001e+00
-2.091464946893119681e+00
-2.017920368694589239e+00
-1.935026036895491686e+00
-1.846921696301932592e+00
-1.756718014370154624e+00
-1.667674820606316111e+00
-1.584055381966974263e+00
-1.522113534922669320e+00
-1.512012294301902315e+00
-1.493028818048469430e+00
-1.483609797857401880e+00
-1.460666366478410971e+00
-1.449052589833421889e+00
-1.441113486595404947e+00
-1.434708883526083278e+00
-1.424187294085988320e+00
-1.419414039893111212e+00
-1.407439601848696098e+00
-1.399579035320188902e+00
-1.374403737595749853e+00
-1.367655668934105284e+00
-1.348697536485146786e+00
-1.338846558554492638e+00
-1.320506607762724549e+00
-1.303488488227517061e+00
-1.296539128603541480e+00
-1.291857606238186351e+00
-1.290213495687901224e+00
-1.284919602117357007e+00
-1.270125287881757714e+00
-1.267045745944882285e+00
-1.258514352777281742e+00
-1.254484296456618075e+00
-1.244158777485128820e+00
-1.240291323758382136e+00
-1.231014044937649654e+00
-1.224856545911472194e+00
-1.221338956098785955e+00
-1.216238970288934906e+00
-1.215406557397012755e+00
-1.212967218437329686e+00
-1.210842298181698862e+00
-1.207585817904762493e+00
-1.205446974269818838e+00
-1.203643031073249769e+00
-1.199492539089452414e+00
-1.195207920873758045e+00
-1.193330011545336466e+00
-1.192004402515188799e+00
-1.189611572958711561e+00
-1.185434048061051904e+00
-1.180583242232531971e+00
-1.178018016604162055e+00
-1.172465264093764725e+00
-1.168936796854818105e+00
-1.162459407892179275e+00
-1.157624828123925642e+00
-1.152109447483590454e+00
-1.148032513663691745e+00
-1.140667234296101729e+00
-1.135166322172161513e+00
-1.115041248164220011e+00
-1.105481079997546301e+00
-1.103759031616644570e+00
-1.099157454641446430e+00
-1.093474136320937928e+00
-1.083797264745914646e+00
-1.071033398238172119e+00
-1.055900465165714674e+00
-1.024102443831760523e+00
-1.017043504116852404e+00
-1.014123544728092075e+00
-1.011118492807645097e+00
-1.003828868076297010e+00
-9.927750742754883895e-01
-9.896693729571123255e-01
-9.836404601574514350e-01
-9.799057509121635867e-01
-9.641469169534619965e-01
-9.537600427564181249e-01
-9.482298104087906188e-01
-9.387278342484557392e-01
-9.317031074023566228e-01
-9.284861898092590105e-01
-9.218966560378163422e-01
-9.124604514294712976e-01
-9.040671664554843501e-01
-8.962497095699601957e-01
-8.849614754005137307e-01
-8.723831635527669048e-01
-8.675939467638460467e-01
-8.532022280435574979e-01
-8.505580607752004640e-01
-8.338680467734652657e-01
-8.220116756147083370e-01
-8.138698251602993761e-01
-8.093807712447065317e-01
-8.068466240037353021e-01
-8.029982664938949410e-01
-7.965676633313154564e-01
-7.922974193286170808e-01
-7.738486617726690886e-01
-7.386630537088585413e-01
-7.357165392969924333e-01
-7.304261534803554445e-01
-7.207555980023518938e-01
-7.141833410256228643e-01
-7.079810020994414810e-01
-7.029887109468395678e-01
-6.998941753639257302e-01
-6.931714710067853336e-01
-6.897053940217885426e-01
-6.861924712066207466e-01
-6.806838348099160108e-01
-6.761508661440910339e-01
-6.519547279885843372e-01
-6.375764556285939966e-01
-6.312629850727582426e-01
-6.270689078080430301e-01
-6.227323284556504079e-01
-6.093092037062378674e-01
-5.969449625926851466e-01
-5.901546011122548174e-01
-5.869503218433631542e-01
-5.852156443562828159e-01
-5.771028367707340401e-01
-5.738400298565276003e-01
-5.649045728640916808e-01
-5.614438039221274490e-01
-5.512609389434620644e-01
-5.414638829062177194e-01
-5.339382548874570533e-01
-5.285219889367951396e-01
-5.243684161048713932e-01
-5.148153336259836399e-01
-5.094770948967549673e-01
-4.767770459270763150e-01
-4.718001622953552632e-01
-4.673047250097950855e-01
-4.595774410799928766e-01
-4.464961844629159460e-01
-4.420144826711351338e-01
-4.221995952097167826e-01
-4.114056163364351870e-01
-4.075183100040210560e-01
-3.998711800817897899e-01
-3.948543855207830022e-01
-3.850358311308151316e-01
-3.793174324812390030e-01
-3.702550551433101411e-01
-3.503677695353947796e-01
-3.444538787645049505e-01
-3.422529687715785696e-01
-3.376175685754552735e-01
-3.286220617962392621e-01
-3.248581640743892773e-01
-3.110350535038419184e-01
-3.074292106232549004e-01
-3.059645893778383252e-01
-3.003956410772634644e-01
-2.959292705490684239e-01
-2.946559169647419152e-01
-2.870397617533513857e-01
-2.832078362569265817e-01
-2.744120540789252161e-01
-2.643951626781392283e-01
-2.601823968376108520e-01
-2.394082912291960741e-01
-2.282078065327783623e-01
-2.193489420893418307e-01
-2.153820632912319122e-01
-2.067441011910292337e-01
-2.034555017907613839e-01
-1.951492796572816268e-01
-1.934697812313319332e-01
-1.904695345278932805e-01
-1.855948295404734605e-01
-1.721024334570901426e-01
-1.646414692481647235e-01
-1.618093900555096221e-01
-1.508587282903739446e-01
-1.444218394473872902e-01
-1.377142651374757276e-01
-1.268284183259058839e-01
-1.242120517208398778e-01
-1.087901378457543089e-01
-1.054434000204118871e-01
-9.958569519819415738e-02
-9.178282153747484295e-02
-8.589097718962449002e-02
-8.020016009141890667e-02
-7.427069264510113844e-02
-7.030330261424558302e-02
-6.533523495546077198e-02
-5.041695507509513091e-02
-3.962535009566561101e-02
-3.197437103931016766e-02
-2.957329899335028878e-02
-2.128255265221244696e-02
-1.843954517093265855e-02
-1.465613119801612366e-02
-8.778994931469979307e-03
-3.286845301916516138e-03
-5.716604766419380347e-04
1.107713190174657893e-03
4.463857446979929526e-03
7.050058803829055941e-03
1.062454920478384489e-02
1.283931572125163352e-02
1.495456643545007951e-02
1.810309509012036563e-02
2.089424308702047747e-02
2.408629221249555460e-02
2.847680418142597633e-02
2.896973311135931858e-02
3.811924921612500072e-02
4.687484542114274400e-02
5.649974623036030374e-02
7.021646126274520838e-02
7.337962894409674752e-02
7.953869280451700274e-02
8.378952016838443762e-02
8.856398043535849973e-02
9.214544323684660532e-02
1.000963229882936706e-01
1.026246929751885306e-01
1.086571876838869355e-01
1.185357114115063587e-01
1.287043979258251925e-01
1.347155009527249980e-01
1.518246871934418873e-01
1.567916104797945631e-01
1.632884505881914139e-01
1.681464934392655486e-01
1.754206864047483938e-01
1.797926197141168358e-01
1.897603090854579344e-01
1.946169170095424505e-01
2.000679410970850058e-01
2.077136939830452056e-01
2.116653894271195990e-01
2.137526180231180406e-01
2.174456753434908796e-01
2.269407174501092972e-01
2.397719008448450928e-01
2.690482560520284783e-01
2.733873826225162174e-01
2.772035587253516287e-01
2.862092573004615392e-01
2.912172535422943298e-01
2.970990841877035327e-01
3.049082798588667043e-01
3.067647497201194673e-01
3.136058177624070353e-01
3.153568688338890813e-01
3.183556271854778852e-01
3.215477886426126863e-01
3.330419636292861196e-01
3.397701570293512052e-01
3.507272102759930177e-01
3.536839351724881952e-01
3.558801277620146086e-01
3.590547264921682968e-01
3.812040978332462693e-01
3.857289132489702399e-01
3.951061514757507331e-01
4.010641988907501787e-01
4.076666635214133416e-01
4.128810663646286794e-01
4.187130715210977128e-01
4.280815242990845815e-01
4.465315342080855565e-01
4.493594981163309132e-01
4.531728771896896268e-01
4.591439079800288536e-01
4.724345403065915439e-01
4.855464947468186576e-01
5.164638952003899330e-01
5.213072164289044297e-01
5.301613476278408399e-01
5.327477000422661257e-01
5.388175444985264795e-01
5.455081183449086435e-01
5.601771562970426777e-01
5.723338339517487494e-01
5.759525313132833890e-01
5.799961670169774264e-01
5.849193935914562825e-01
5.924275062899471145e-01
5.940254466252303800e-01
6.021091541671325098e-01
6.079134002593383768e-01
6.191808439341396353e-01
6.243930227660848820e-01
6.289856995507043802e-01
6.397198727847652755e-01
6.437313384152710816e-01
6.521515010385030564e-01
6.898776591828496008e-01
6.935817443208586175e-01
6.987429982384233407e-01
6.998621110204867879e-01
7.035684442902224722e-01
7.097791024430796236e-01
7.173087131100570613e-01
7.205384423726904908e-01
7.245685690014391778e-01
7.347056989906134428e-01
7.398131386230385464e-01
7.486051677931873094e-01
7.501390494974149448e-01
7.861021537476803323e-01
8.023516527071846705e-01
8.089849404293149027e-01
8.135090699427500738e-01
8.209307130312172296e-01
8.284236259237154343e-01
8.288479015861142107e-01
8.353390419168086334e-01
8.478373342763022569e-01
8.545330810089465379e-01
8.649560461891037111e-01
8.808764118374793339e-01
8.886136188280714387e-01
8.944908750195531555e-01
9.046909597387388091e-01
9.178767145758400803e-01
9.218775581310129086e-01
9.278205483879709004e-01
9.381974461382607267e-01
9.439590229727230497e-01
9.463998270024057691e-01
9.531513235655213467e-01
9.653011021451451956e-01
9.689090479277042700e-01
9.899160460488116708e-01
9.958491289379823863e-01
1.005455532360921111e+00
1.007984182529334305e+00
1.015171614440073533e+00
1.019771597948129216e+00
1.026479774349345675e+00
1.031015045717208922e+00
1.034518389739367938e+00
1.064896186767797293e+00
1.088904946151402431e+00
1.099487552017051284e+00
1.105028079232625915e+00
1.109872452620933814e+00
1.117932504725237308e+00
1.125566756458410200e+00
1.131327909855533997e+00
1.145143233969786234e+00
1.148598421063781405e+00
1.153347738466954153e+00
1.158962181888047560e+00
1.165479210479716032e+00
1.166739383071348168e+00
1.168966207990731698e+00
1.178044059856870884e+00
1.182445738064488383e+00
1.189110920687241890e+00
1.192533752066953445e+00
1.193826542529395018e+00
1.197658682698299115e+00
1.202716120809212530e+00
1.205678698175359331e+00
1.207971135147596575e+00
1.211709245097257526e+00
1.214264228497349274e+00
1.215756083765609841e+00
1.218183067686175125e+00
1.220676704998344464e+00
1.221769588615412072e+00
1.225923610264389785e+00
1.228126640488675481e+00
1.233429433511755269e+00
1.236015425685801805e+00
1.242783788787233057e+00
1.248841776313038165e+00
1.253464668928117920e+00
1.266299880186370741e+00
1.271527104784304196e+00
1.278904781379657685e+00
1.288932506527610045e+00
1.300140230326156887e+00
1.303621244722779071e+00
1.305524043951281188e+00
1.313812004227121744e+00
1.334248369242275523e+00
1.352872706320220386e+00
1.366254808700743117e+00
1.376926860988667567e+00
1.394600346175336014e+00
1.412283277236520140e+00
1.426212165124177478e+00
1.430473289955535243e+00
1.436756147571865094e+00
1.441020174852304159e+00
1.453512271147259227e+00
1.465639377229272844e+00
1.473359334280730959e+00
1.489718493346668282e+00
1.500316340103106105e+00
1.533215540845997316e+00
1.537468251378860895e+00
1.612480301837396990e+00
1.697860108878486374e+00
1.787998075879786652e+00
1.878760707888108783e+00
1.966831221526583073e+00
2.048768235027210061e+00
2.119509902589578498e+00
2.136754286057653829e+00
2.144785405246035559e+00
2.164568664112853202e+00
2.171614511044184681e+00
2.195964661486680569e+00
2.200445170629429903e+00
2.206071115275133554e+00
2.218009416244531185e+00
2.224548196523047583e+00
2.236664353634444602e+00
2.243077490070444213e+00
2.251063158751780424e+00
2.258794048217566353e+00
2.270279598042356906e+00
2.290553616731580977e+00
2.295262805609014301e+00
2.333761510924943217e+00
2.358117339368127841e+00
2.385942206869382520e+00
2.407951955322451543e+00
2.422041304519378713e+00
2.429353437300314500e+00
2.450730304856295394e+00
2.462913745472844695e+00
2.478097530256694103e+00
2.576471162914593549e+00
2.583308138690040945e+00
2.590629576887934604e+00
2.599081733165608199e+00
2.606908659363090131e+00
2.615349013716370408e+00
2.635838851698605989e+00
2.640698033036732895e+00
2.649925369325087043e+00
2.662317613245752224e+00
2.667302352009128796e+00
2.670036864142573574e+00
2.697396204508871520e+00
2.699639449368462341e+00
2.704709849631587115e+00
2.708208217043820643e+00
2.719008344827828161e+00
2.737594830801504120e+00
2.739011879199738431e+00
2.744813824572416738e+00
2.749260389998296361e+00
2.758229922790006672e+00
2.770410538023805547e+00
2.776642302543624652e+00
2.780751914847833461e+00
2.791671915080031763e+00
2.795880775671275131e+00
2.804731661870812243e+00
2.808354633176890491e+00
2.812772906093966352e+00
2.822660585743724582e+00
2.828480830735098372e+00
2.837512805714374142e+00
2.840375967359683784e+00
2.847214111832481631e+00
2.859790166075240947e+00
2.878873493977169851e+00
2.890183527891386106e+00
2.897842306015089520e+00
2.905142738585304141e+00
2.911533694570549891e+00
2.919858255735570118e+00
2.926886361237571954e+00
2.931702684586889429e+00
2.946276851902823957e+00
2.950251514328884106e+00
2.958269309804983926e+00
2.964610620283268272e+00
2.973767359386219500e+00
2.975087057443977390e+00
2.990616537197006597e+00
2.992793172719590444e+00
2.995716795306897051e+00
2.998616598723659266e+00
3.015171346618891857e+00
3.018715479976500582e+00
3.027615358849591320e+00
3.034642034763483931e+00
3.045694735267107767e+00
3.051353982293972589e+00
3.059331022647092446e+00
3.078678770456082514e+00
3.084975746153862719e+00
3.086954185260635253e+00
3.101708942432788607e+00
3.105029665223318691e+00
3.112448325908832913e+00
3.136377510578610917e+00
3.139742937446289073e+00
3.147125762076451672e+00
3.152698014428635620e+00
3.158063783362447641e+00
3.166834521958078241e+00
3.171332047451773217e+00
3.176701959988673885e+00
3.182850933278095873e+00
3.190069614675957510e+00
3.195201725783567426e+00
3.199799639838433407e+00
3.201468265331790075e+00
3.205538168213355021e+00
3.211332656038221156e+00
3.215151056429117915e+00
3.220952673481654926e+00
3.229208036663473447e+00
3.232525632907405466e+00
3.239282995834078971e+00
3.240700549644281558e+00
3.245982244158419405e+00
3.253265504975511480e+00
3.258220281740542124e+00
3.264493159799418009e+00
3.266116999278378508e+00
3.270513979319575437e+00
3.274761674359246477e+00
3.278142147237709914e+00
3.281434430951471803e+00
3.287377941312738194e+00
3.292781778449179519e+00
3.297026967189224056e+00
3.299132334720504822e+00
3.300876494742667422e+00
3.304150935799506694e+00
3.307405917745626311e+00
3.321670214374615959e+00
3.338632432600411981e+00
3.339935968688720891e+00
3.348309608840428719e+00
3.357566462242398853e+00
3.371945458027287845e+00
3.375333928613506007e+00
3.383792706771356240e+00
3.386741260379231289e+00
