5.000000000000000000e-01
-3.274410392810551240e+00
-3.269927922919895646e+00
-3.268629857688977847e+00
-3.255116521663433460e+00
-3.249704966532668493e+00
-3.245513763831178622e+00
-3.242900796589916368e+00
-3.239656716405308501e+00
-3.237726116896818329e+00
-3.230594566993299388e+00
-3.227207626676102947e+00
-3.225796612744869396e+00
-3.222928402058015784e+00
-3.221829402098689954e+00
-3.220166244575782155e+00
-3.217499330087971288e+00
-3.214647358925087683e+00
-3.208476695845468019e+00
-3.206355926928546207e+00
-3.204532261766606993e+00
-3.202665756899441440e+00
-3.192969675576100119e+00
-3.188231209817476763e+00
-3.180450431590597926e+00
-3.170006853482308706e+00
-3.161229571876205569e+00
-3.159508294105016990e+00
-3.156770931370616484e+00
-3.147982761268998342e+00
-3.143954501611667673e+00
-3.141347513450638562e+00
-3.139430807277376001e+00
-3.134080063369721003e+00
-3.128468846099205170e+00
-3.119392682569278819e+00
-3.114869062030211300e+00
-3.107438753579890633e+00
-3.102302464023356965e+00
-3.097936058569834561e+00
-3.092286961153420943e+00
-3.088722555303867967e+00
-3.082226623748250738e+00
-3.076811713271828896e+00
-3.067656525426273983e+00
-3.062898239593986549e+00
-3.054161901053367156e+00
-3.038355401507966125e+00
-3.033510966419944666e+00
-3.026407220889481664e+00
-3.020386381432777156e+00
-3.013774397017623841e+00
-2.999383115338268180e+00
-2.973448578367259287e+00
-2.962364658416024366e+00
-2.949727210819071299e+00
-2.944684709640127629e+00
-2.937925422041095747e+00
-2.932618531328791356e+00
-2.925641563045436655e+00
-2.917812220114797128e+00
-2.908990147872167586e+00
-2.900619462717608510e+00
-2.890926800731951296e+00
-2.880430141909735564e+00
-2.877996212424279499e+00
-2.874703505448719554e+00
-2.871283957655827113e+00
-2.869231247257042927e+00
-2.864618750088342658e+00
-2.857544440414751197e+00
-2.843908995772183701e+00
-2.838483516504703097e+00
-2.832440316092191157e+00
-2.825959554988883848e+00
-2.821464033067507149e+00
-2.816400528333252939e+00
-2.794639096798875233e+00
-2.771157680300911696e+00
-2.761568899480975503e+00
-2.759150418272066307e+00
-2.753486889312840358e+00
-2.742704275904812139e+00
-2.740028755429074536e+00
-2.735816634655648283e+00
-2.730422082307532250e+00
-2.723521308937884022e+00
-2.717830766104183393e+00
-2.707934503590846198e+00
-2.700476203274222886e+00
-2.697249283666670383e+00
-2.687309520202577406e+00
-2.676480720931171398e+00
-2.671950705030574191e+00
-2.667164227262083021e+00
-2.659062157026739204e+00
-2.655405417390705569e+00
-2.636568017518009288e+00
-2.629362817182673506e+00
-2.625357693760289823e+00
-2.620754260062351904e+00
-2.616002737936576672e+00
-2.587509916169951740e+00
-2.582036209197911880e+00
-2.574000999671094192e+00
-2.562283288026317774e+00
-2.557454029097212977e+00
-2.552168394161395959e+00
-2.532870929676135141e+00
-2.522212453927498377e+00
-2.518824544479609795e+00
-2.513755363668463971e+00
-2.503930174659422025e+00
-2.493382610147606648e+00
-2.387712451139729186e+00
-2.369573192154029506e+00
-2.367264933989408071e+00
-2.342601480607432674e+00
-2.333664065044805280e+00
-2.326389739714110672e+00
-2.294770096008911686e+00
-2.273063056384607705e+00
-2.252296982852382889e+00
-2.221625740322690667e+00
-2.212894015934334213e+00
-2.196291864132723148e+00
-2.184578178153789629e+00
-2.181960550065303206e+00
-2.166126747788014395e+00
-2.163611751526169247e+00
-2.151534288792524841e+00
-2.146012621282269439e+00
-2.133160780477565410e+00
-2.128472975292223346e+00
-2.120602393400007113e+00
-2.091272327915001839e+00
-2.087542195747667861e+00
-2.080928584796299941e+00
-2.064730688920936252e+00
-2.031159323523676008e+00
-1.958161311565894458e+00
-1.875472278754419353e+00
-1.787404598374233045e+00
-1.697105485122588631e+00
-1.607818449257858884e+00
-1.523751473366146580e+00
-1.453870005219867423e+00
-1.450764188125511778e+00
-1.420500099170231900e+00
-1.413023269886575450e+00
-1.391708795298899792e+00
-1.385121467290829633e+00
-1.374741630634852108e+00
-1.362867101555111038e+00
-1.358224824039148793e+00
-1.351124675952771303e+00
-1.344489973638938629e+00
-1.337043103587715720e+00
-1.311721847200455482e+00
-1.298670047706084851e+00
-1.285166872054922305e+00
-1.274311257800308406e+00
-1.253919680552792126e+00
-1.228333310811824841e+00
-1.225493006930991724e+00
-1.218340298488239659e+00
-1.214412548412685977e+00
-1.208215998497272903e+00
-1.197828188667300564e+00
-1.195839452489362964e+00
-1.188770382551529892e+00
-1.178600313315810721e+00
-1.166340467075388743e+00
-1.159631990235117538e+00
-1.157708184145126662e+00
-1.153576436047726306e+00
-1.147835047308207956e+00
-1.146965977617401267e+00
-1.144268124451946367e+00
-1.141756104332990240e+00
-1.140082184897125650e+00
-1.139226492592308349e+00
-1.135664250892133742e+00
-1.134975848338795501e+00
-1.133417297511743804e+00
-1.131103433232818922e+00
-1.126368036722459554e+00
-1.125769336626335493e+00
-1.123098462322015711e+00
-1.120440438971991082e+00
-1.120061887755332997e+00
-1.117622794968464506e+00
-1.111775337562714849e+00
-1.107484234910374177e+00
-1.099635176968478234e+00
-1.094919750033320760e+00
-1.084514246521409042e+00
-1.082030136557004418e+00
-1.077982183029418950e+00
-1.072780857238752050e+00
-1.052730337143606087e+00
-1.049092629859388781e+00
-1.038928699500762942e+00
-1.034026082800788782e+00
-1.030186220078893156e+00
-1.020523148527179513e+00
-1.010447547104020183e+00
-9.931706946702095751e-01
-9.589465104465392242e-01
-9.491074317638914515e-01
-9.448850401092822038e-01
-9.393763592806342322e-01
-9.355883758894422142e-01
-9.265578871202911904e-01
-9.254857612234665964e-01
-9.136406491815651787e-01
-9.094101139423694802e-01
-8.891732501131530686e-01
-8.821996408160257541e-01
-8.758902540535371539e-01
-8.729675032083826780e-01
-8.650170595244316418e-01
-8.632473728053873252e-01
-8.560305912911425619e-01
-8.449221823242171192e-01
-8.370973508309614841e-01
-8.295259876424594392e-01
-8.176226672633368775e-01
-8.140918326817174755e-01
-8.017002185789139368e-01
-7.848706585785056866e-01
-7.804732997006544881e-01
-7.689221785449258384e-01
-7.482380042973900691e-01
-7.440410208525919389e-01
-7.407081771671778503e-01
-7.349426754128487449e-01
-7.325446425609639656e-01
-7.306177433142799771e-01
-7.265132813663673916e-01
-7.102105081343133008e-01
-6.691684090585905409e-01
-6.642279083792275163e-01
-6.591392343594250081e-01
-6.505195912744119457e-01
-6.458534542554952296e-01
-6.385099862057839193e-01
-6.363552778754602013e-01
-6.316934067161372734e-01
-6.294552509802254781e-01
-6.225483297394578397e-01
-6.190354551357922785e-01
-6.141473232375518343e-01
-6.071908367739549117e-01
-5.773736065532610873e-01
-5.682785810910055968e-01
-5.587586747563678680e-01
-5.550346536294579192e-01
-5.491160379741828468e-01
-5.438362091506288021e-01
-5.253694441332793508e-01
-5.234566029708779267e-01
-5.162071904500566966e-01
-5.133173062330351755e-01
-5.075536666547628695e-01
-5.048150287720993834e-01
-4.991417957335100852e-01
-4.924425117873477697e-01
-4.825592309457614748e-01
-4.741519848920643376e-01
-4.647917603208195358e-01
-4.594042338287756544e-01
-4.540166774643202841e-01
-4.507586760594342046e-01
-4.443862905803477870e-01
-4.062728236659323144e-01
-4.004824451235208804e-01
-3.830921615459733642e-01
-3.801729705894500433e-01
-3.755115972652307010e-01
-3.708533660127932841e-01
-3.499594485314616588e-01
-3.413754359615916445e-01
-3.353701271327442224e-01
-3.312179923510647495e-01
-3.280330733558427525e-01
-3.200838034904088802e-01
-3.100495588829129678e-01
-3.018503994565701620e-01
-2.833534158091023936e-01
-2.783250781394880358e-01
-2.712012321139699589e-01
-2.689871952142497968e-01
-2.593908827038022835e-01
-2.530418826960971757e-01
-2.407223445834529019e-01
-2.374703275636320943e-01
-2.318584074213798085e-01
-2.297437289752457812e-01
-2.263358308767956795e-01
-2.241637115678536685e-01
-2.188999773444675334e-01
-2.148514442974046312e-01
-2.074195753432559741e-01
-2.002545091194021798e-01
-1.973014255240727877e-01
-1.894754829128517670e-01
-1.589216809081087645e-01
-1.513190055195212380e-01
-1.460015422870673818e-01
-1.382428747454220730e-01
-1.339460554755739774e-01
-1.301968299982557142e-01
-1.214823789717569269e-01
-1.178298097030648639e-01
-1.158339924453335307e-01
-1.067886122011312972e-01
-9.892794317960963701e-02
-8.934629592336085224e-02
-8.637229497259080180e-02
-7.996676054411412660e-02
-7.360657480257883079e-02
-5.820657957803773708e-02
-5.523491633787493138e-02
-4.008280861009506923e-02
-2.846228446428652331e-02
-2.739998809359907306e-02
-2.439936550688499850e-02
-1.998906008629839151e-02
-1.126952478370614637e-02
-8.077526275596991212e-03
-3.930790529041281248e-03
-1.929746108886279746e-03
5.177810723955492481e-03
2.850863281360770107e-02
3.577075168001634525e-02
4.636863140906922337e-02
5.585168724298074372e-02
5.678675041476245050e-02
6.007392895261508270e-02
6.293532756714845244e-02
6.577800854808191211e-02
6.631407727620569625e-02
7.004027789146247129e-02
7.051852153406930335e-02
7.279343815704003573e-02
7.580578676519277026e-02
7.842238843463127107e-02
8.178919210038133880e-02
8.395792511261140900e-02
8.531631812260558057e-02
8.732462913922579839e-02
9.224083367195053118e-02
9.611374841368515443e-02
1.046846541209627002e-01
1.066264001708896597e-01
1.181167037885415411e-01
1.375740004689669505e-01
1.410204501763996365e-01
1.443707272041448442e-01
1.504945596918038919e-01
1.534565921537015265e-01
1.616119609179457739e-01
1.677841429266840878e-01
1.695233021516751870e-01
1.745944416932488363e-01
1.768931774520781652e-01
1.978508457833380585e-01
2.004561993986766766e-01
2.134239769189100466e-01
2.235737380212479419e-01
2.252501935910411479e-01
2.378465333141655813e-01
2.407079362155210844e-01
2.439005824945614520e-01
2.579707912386177693e-01
2.619359968253341386e-01
2.673313684910733623e-01
2.704361204714302302e-01
2.738437473511355913e-01
2.823418593676495503e-01
2.846363583474870729e-01
2.879617002275035031e-01
3.066747841199499724e-01
3.300884947339785547e-01
3.427952060253890987e-01
3.458146437435615228e-01
3.526232056584092667e-01
3.620753158512106662e-01
3.640023307058993796e-01
3.695134201980470046e-01
3.718986321345486568e-01
3.752952815304384515e-01
3.802547437975119515e-01
3.852407356885192424e-01
3.888286195241880683e-01
3.992065709111690675e-01
4.068869334671659233e-01
4.158531339267444449e-01
4.226877655319470350e-01
4.263162027694571976e-01
4.315622376897935153e-01
4.439099237186693303e-01
4.529826325272932608e-01
4.644431265232096817e-01
4.727427136863307511e-01
4.758114238224671055e-01
4.810606401903170237e-01
4.855989239626441467e-01
4.932706490367850249e-01
5.179780823074597862e-01
5.252751725079020106e-01
5.297554161659731031e-01
5.352304097406848093e-01
5.421961968110211583e-01
5.531016461849351806e-01
5.778798319626446967e-01
5.915265783105622122e-01
5.988914635831220634e-01
6.009858841115757189e-01
6.043730597607533950e-01
6.122484770583536129e-01
6.243615703509279857e-01
6.434969223464451771e-01
6.441845011173606972e-01
6.484104623174165027e-01
6.518366602140347466e-01
6.585678268443789785e-01
6.649631229254308051e-01
6.682382657235321766e-01
6.706834784544787320e-01
6.877823736749705263e-01
6.945378423954421399e-01
7.013232520544886439e-01
7.078362043447112839e-01
7.099027668219248799e-01
7.217903050655297692e-01
7.548164416603971860e-01
7.574117460377460809e-01
7.629697710297080882e-01
7.693251200790998112e-01
7.734490580718440533e-01
7.780412828966704053e-01
7.797730908750356571e-01
7.848559805452527405e-01
7.897710244264364299e-01
8.012169850468847665e-01
8.034556165098332148e-01
8.120150393920941845e-01
8.156412828086517797e-01
8.538143667100299705e-01
8.695733913248351321e-01
8.780983610592594246e-01
8.856386122152836160e-01
8.866838808504654557e-01
8.904921981492278649e-01
8.934087489513139468e-01
8.986491675214186570e-01
9.135341196790544016e-01
9.224377266568604128e-01
9.287219951408345331e-01
9.449312784880524729e-01
9.493413965287050837e-01
9.565974280180163936e-01
9.690093629841819434e-01
9.799650921041631602e-01
9.856686352431756060e-01
9.961784297436975244e-01
1.001171281372370325e+00
1.006459659493075698e+00
1.009586995458064962e+00
1.027245923833816299e+00
1.032411671069099146e+00
1.040611721583540428e+00
1.056944901800928038e+00
1.061544115175802716e+00
1.067315375532811306e+00
1.074892539562301685e+00
1.080327271484281759e+00
1.083617405958900548e+00
1.088523309609130019e+00
1.093688700827374793e+00
1.099293076573146566e+00
1.131568981061616075e+00
1.150815673394010030e+00
1.160481931374148123e+00
1.167756301356479565e+00
1.174557866424176700e+00
1.181661277263017951e+00
1.183724744235533199e+00
1.191487483001972603e+00
1.216115732920501458e+00
1.220589932383862264e+00
1.223132166448298808e+00
1.226528941214874990e+00
1.234901880022528653e+00
1.239609596597217367e+00
1.249732441785687431e+00
1.253107190082948019e+00
1.257037367553915486e+00
1.259288115356064663e+00
1.261162620708954352e+00
1.263225524525233290e+00
1.265018899820950393e+00
1.266163397623317977e+00
1.268278508629540946e+00
1.269529202345011987e+00
1.272195122887823437e+00
1.274085886039574067e+00
1.274921801058611415e+00
1.277173259243634673e+00
1.282028478213767642e+00
1.282431924016310010e+00
1.284918674877869593e+00
1.288955501058234310e+00
1.292278864810199046e+00
1.296585339127696468e+00
1.301235522105476328e+00
1.306729250743288828e+00
1.318100753985619544e+00
1.332643155175487149e+00
1.338056008982967837e+00
1.342585219132831797e+00
1.350692160189102209e+00
1.360748933867160781e+00
1.364176185072501157e+00
1.372434123416167440e+00
1.374967875744514734e+00
1.397369345389475548e+00
1.413359112075452728e+00
1.427038706485126873e+00
1.438586460440759884e+00
1.453100556230155327e+00
1.474283551150498806e+00
1.483745941094777088e+00
1.489684708925057333e+00
1.496299368072753211e+00
1.503689453145451660e+00
1.513005288684242222e+00
1.527737877165162628e+00
1.530709791773696038e+00
1.552546862682486539e+00
1.564611251776570011e+00
1.593617297772495833e+00
1.596117292247771990e+00
1.668559204860517120e+00
1.754005349771841304e+00
1.844338033085458628e+00
1.935362098039297152e+00
2.023760683122028059e+00
2.106156366405153690e+00
2.177785913132457729e+00
2.212525584391120681e+00
2.228799420130971765e+00
2.231343775925752837e+00
2.236006674310463627e+00
2.261088249871792577e+00
2.272447496227722574e+00
2.274399313532760036e+00
2.281938046961558886e+00
2.286942242315422646e+00
2.290199049774560791e+00
2.302540609713828790e+00
2.322495346324306098e+00
2.324995021901918424e+00
2.337676478857729112e+00
2.356769214328366946e+00
2.361029577110194122e+00
2.398580752517588621e+00
2.421703306491833185e+00
2.446814085261808991e+00
2.470393434340933503e+00
2.485917361954055771e+00
2.489238251488639087e+00
2.513661742069376981e+00
2.523628340366602885e+00
2.537126674126179537e+00
2.642641270429172629e+00
2.652909116054655847e+00
2.656754653331847571e+00
2.663418101666147120e+00
2.674714662813453714e+00
2.677259527456299359e+00
2.702301068053705180e+00
2.706373176089949428e+00
2.708673262751237321e+00
2.724213773856768217e+00
2.729302169717055637e+00
2.736019749658882727e+00
2.761393544567167790e+00
2.763269740770034844e+00
2.768352540842093479e+00
2.772907795084145199e+00
2.785723788927768396e+00
2.799242166760051553e+00
2.809104432898690273e+00
2.812402454699288956e+00
2.816169930963348111e+00
2.833600523280647820e+00
2.837194864440679698e+00
2.850443131121910945e+00
2.853793776531715842e+00
2.862430067939685685e+00
2.864157253567687356e+00
2.872270706850970523e+00
2.876786166256931843e+00
2.882239511827688894e+00
2.889784342088838720e+00
2.893724916347760079e+00
2.901508397801305428e+00
2.905886568797385383e+00
2.909911170330697239e+00
2.917272417405218032e+00
2.943607768623908605e+00
2.969573363554188994e+00
2.973155558271776133e+00
2.976073498057520528e+00
2.980554427554516383e+00
2.987706591776133624e+00
2.995911303077611887e+00
3.008028428576086100e+00
3.014791904245504028e+00
3.023180154167930400e+00
3.027492011846304454e+00
3.031592286347111198e+00
3.035066990925163743e+00
3.037725549514661783e+00
3.041522898589851032e+00
3.054947701592123810e+00
3.055527101620729269e+00
3.069069566007423422e+00
3.081238106707449020e+00
3.084597227507490214e+00
3.092456874711423165e+00
3.101322011557948954e+00
3.107540436940915196e+00
3.116532941219985808e+00
3.126127002706323932e+00
3.132786426542748970e+00
3.155346895897904957e+00
3.160568910476667437e+00
3.170928131944486417e+00
3.176346156829954914e+00
3.179949039167514702e+00
3.197739106378315821e+00
3.207204671540009322e+00
3.211391915131792008e+00
3.220778671132696225e+00
3.232182266026475848e+00
3.247302985995558888e+00
3.251220280726255130e+00
3.253787309884145884e+00
3.257011877173593639e+00
3.263899531340930249e+00
3.267052808924154395e+00
3.271712122480488816e+00
3.275705595480831178e+00
3.281936859060876177e+00
3.285460891791176952e+00
3.286337833287281462e+00
3.293304443155340877e+00
3.296320750279571499e+00
3.302152667769094219e+00
3.307857579636402257e+00
3.310220432711530325e+00
3.314064708585748864e+00
3.323614730825563690e+00
3.334571181735681122e+00
3.342571174550898583e+00
3.349641926254580682e+00
3.353124498255980246e+00
3.356237042537768112e+00
3.364389617604107485e+00
3.368089283029366499e+00
3.371107465513663026e+00
3.375753044892106036e+00
3.376527163448213464e+00
3.382383012331848793e+00
3.383445720957460878e+00
3.392241323530070574e+00
3.395486501381445255e+00
3.396616847293783881e+00
3.398285209048618860e+00
3.401673041565091093e+00
3.408114747240636788e+00
3.409660664835074684e+00
3.413186164309301329e+00
3.421471539818558671e+00
3.423032039346049604e+00
3.426812856312550171e+00
