-3.552275021897332241e+00
-3.506507283378104578e+00
-3.503775361898715079e+00
-3.469724314009587474e+00
-3.404410278049759153e+00
-3.397008796174892709e+00
-3.387911659508282547e+00
-3.381245242669661533e+00
-3.366226382983964704e+00
-3.362942378703809077e+00
-3.344965793524484976e+00
-3.344461550306614406e+00
-3.335949650354106844e+00
-3.334257439106425913e+00
-3.331861036728511305e+00
-3.330600543298269489e+00
-3.323491566230490246e+00
-3.315436352921614205e+00
-3.307775422499329654e+00
-3.303063548175256603e+00
-3.293191054990976419e+00
-3.291194248344376572e+00
-3.288647872970732688e+00
-3.278347016144811832e+00
-3.272418468782119394e+00
-3.267037608763725398e+00
-3.264588660379778684e+00
-3.255484384502877582e+00
-3.248838932914761557e+00
-3.239718263501011553e+00
-3.231319246043102833e+00
-3.216987910809109064e+00
-3.209071429666253916e+00
-3.203225360239407848e+00
-3.196209156039675925e+00
-3.189960244434032699e+00
-3.182535294484184707e+00
-3.178434351226647525e+00
-3.167555400229647322e+00
-3.161377602125049258e+00
-3.154681728564626475e+00
-3.151112030691491928e+00
-3.143954764781594413e+00
-3.138071512329439816e+00
-3.121081706702139247e+00
-3.117568432352278762e+00
-3.108113060846166675e+00
-3.094838330942712545e+00
-3.090952067961846961e+00
-3.087644450986284816e+00
-3.080926767815113987e+00
-3.077768453241485958e+00
-3.072041386372763139e+00
-3.067988128743714960e+00
-3.063725855683323562e+00
-3.050922872076269332e+00
-3.047549197336249627e+00
-3.039099888082365641e+00
-3.028906009944568378e+00
-3.020739094339553787e+00
-3.016922767212557144e+00
-3.000572961294005747e+00
-2.991419870807261905e+00
-2.985128420303320596e+00
-2.979668209825841352e+00
-2.975567748902474996e+00
-2.966139113850254638e+00
-2.961904172015950909e+00
-2.954525098052052989e+00
-2.942133915636635511e+00
-2.936403922856604787e+00
-2.929673154732393758e+00
-2.914526163507214829e+00
-2.903628889140174252e+00
-2.898542969523527191e+00
-2.892408969903883076e+00
-2.883967136223142269e+00
-2.878078278973220883e+00
-2.871855701175943132e+00
-2.862528498268721133e+00
-2.856598336361011015e+00
-2.850663627638292841e+00
-2.847276792052092276e+00
-2.837942486593843405e+00
-2.826261053459131034e+00
-2.815642916978573496e+00
-2.806713922303307296e+00
-2.798337507280876935e+00
-2.795359846787055957e+00
-2.786323695658424526e+00
-2.774567233692846191e+00
-2.765573707160535299e+00
-2.762023015098150402e+00
-2.749070185398202248e+00
-2.733600014971666159e+00
-2.720951512036603237e+00
-2.714691266648420420e+00
-2.710695693985449406e+00
-2.697556186861587157e+00
-2.691217263708113983e+00
-2.682315117750182942e+00
-2.672151762099922223e+00
-2.663608384372879279e+00
-2.647352423247977704e+00
-2.632493020850248389e+00
-2.626498645391618147e+00
-2.616019746145322067e+00
-2.607655575446574669e+00
-2.595964072004722567e+00
-2.588393023892535005e+00
-2.572347938582202787e+00
-2.562035757598224439e+00
-2.525309243973961504e+00
-2.480635893625910526e+00
-2.460376445676320412e+00
-2.440653116219022145e+00
-2.418923196785292440e+00
-2.406109244776340361e+00
-2.399711697056793991e+00
-2.380127216487887498e+00
-2.357273197597639758e+00
-2.337887671126696709e+00
-2.330356981949420980e+00
-2.298152611727142247e+00
-2.289383761431479147e+00
-2.269364609047266335e+00
-2.262888116272364858e+00
-2.244933297559721375e+00
-2.239578878566366171e+00
-2.226558493935473226e+00
-2.215111559547289222e+00
-2.203337231457838108e+00
-2.190769193390464054e+00
-2.174503748397836667e+00
-2.155019945415149518e+00
-2.147116096274586106e+00
-2.134311348729158730e+00
-2.095466968736876989e+00
-2.082887795360180760e+00
-2.025293649283185449e+00
-1.944477001430839236e+00
-1.857837885447966908e+00
-1.768917280037495265e+00
-1.681000504605321133e+00
-1.609001631503753860e+00
-1.598423900394541297e+00
-1.564688335686195808e+00
-1.541634300784809009e+00
-1.525938786379311685e+00
-1.519283617709386025e+00
-1.498622076152100746e+00
-1.487241563391261456e+00
-1.466471288335769563e+00
-1.463693855994946391e+00
-1.447766434225770560e+00
-1.430074320872660509e+00
-1.427734834817426135e+00
-1.415149961320800509e+00
-1.407586720158297444e+00
-1.399059754586292836e+00
-1.383683749611635649e+00
-1.373519082824815385e+00
-1.369400843763391995e+00
-1.363744141135152743e+00
-1.342765277264248436e+00
-1.334957208484681690e+00
-1.329559488091740072e+00
-1.320075187610675549e+00
-1.315902915223612801e+00
-1.308948277338379595e+00
-1.302179630299342916e+00
-1.291173429624260738e+00
-1.284437054422251423e+00
-1.280553484005689580e+00
-1.277600996103913422e+00
-1.266315494609992376e+00
-1.262926844779367119e+00
-1.256506989225919746e+00
-1.252737213953476703e+00
-1.249409000609696285e+00
-1.243300548360759317e+00
-1.239914512540550628e+00
-1.231525639761411828e+00
-1.226928812252313206e+00
-1.219457120113535797e+00
-1.217414375772792212e+00
-1.209573089455490358e+00
-1.203607388430532055e+00
-1.199166505743409106e+00
-1.192520003484928592e+00
-1.185719818453385033e+00
-1.173460876037573986e+00
-1.169346535053515934e+00
-1.160477937721669406e+00
-1.147338372602823453e+00
-1.142690181301531327e+00
-1.135442431767352600e+00
-1.133170328107400815e+00
-1.128545068731441559e+00
-1.119572065499479629e+00
-1.103740487733942732e+00
-1.096309332875516018e+00
-1.091611800529698195e+00
-1.083377450868234559e+00
-1.078465401910251975e+00
-1.074540142359260875e+00
-1.069454224575988599e+00
-1.065081090009874609e+00
-1.049021045354997295e+00
-1.045879636070793373e+00
-1.032549633516523402e+00
-1.023792835412490998e+00
-1.011021682489671392e+00
-1.003174047640923217e+00
-9.980615906538881088e-01
-9.861975037306014436e-01
-9.814282318799055771e-01
-9.760562258660293589e-01
-9.655048307365508009e-01
-9.620967889955028829e-01
-9.541209106379626714e-01
-9.508633214449213611e-01
-9.403731351017255990e-01
-9.246714090175849332e-01
-9.191066515888290933e-01
-9.124462642409915114e-01
-8.979157509156894257e-01
-8.936990823020851682e-01
-8.738903921728055080e-01
-8.606985115610129577e-01
-8.565593593950286966e-01
-8.463191604441081539e-01
-8.395592238343341229e-01
-8.317722852240718723e-01
-8.257962149599926693e-01
-8.209036249161109078e-01
-8.162307925959599864e-01
-8.082851609302801332e-01
-7.982729591051188622e-01
-7.951753009790795135e-01
-7.847235948695399088e-01
-7.725160686600537341e-01
-7.633219597904299381e-01
-7.590703957733889728e-01
-7.416057592411497978e-01
-7.361890793814892531e-01
-7.336373837634211359e-01
-7.214050336032274968e-01
-7.191449532684982549e-01
-7.121611006706040081e-01
-7.030444381805447396e-01
-6.875626754191977996e-01
-6.730419547656234514e-01
-6.645740567296571921e-01
-6.592886310215108070e-01
-6.519306459348185312e-01
-6.470899282477207137e-01
-6.410468152852148993e-01
-6.332428325302673633e-01
-6.215331973102333762e-01
-6.136951786038301604e-01
-6.048456652705009873e-01
-6.005744791255223092e-01
-5.893915856905932449e-01
-5.797982701511253945e-01
-5.745048652467602546e-01
-5.684243729009746948e-01
-5.618579146526212487e-01
-5.499033715895971230e-01
-5.447268252842649705e-01
-5.432555880010522253e-01
-5.339809484393928107e-01
-5.194441605817435859e-01
-5.128101633905689516e-01
-5.014131258079712605e-01
-4.884355838284932250e-01
-4.799014362192628447e-01
-4.718017822267736583e-01
-4.621977889572981835e-01
-4.607217454116167010e-01
-4.522436671976460265e-01
-4.470387830500850423e-01
-4.363370974730440000e-01
-4.273778183254640650e-01
-4.192839472928974742e-01
-4.128636915146429720e-01
-4.103621623758380577e-01
-4.014156884583152674e-01
-3.931976912545666614e-01
-3.875016356250286509e-01
-3.671772774749061941e-01
-3.561679696347461732e-01
-3.465805286997268864e-01
-3.417725255732043665e-01
-3.372159163596352149e-01
-3.297299208290038197e-01
-3.240392030946191437e-01
-3.200408763721139804e-01
-3.111175813559836079e-01
-3.085949090292352537e-01
-3.036098653210578258e-01
-3.009406874123043973e-01
-2.873235693541364988e-01
-2.813896354061623528e-01
-2.738581061052355881e-01
-2.701928633617707853e-01
-2.599534266426972162e-01
-2.505467846339127780e-01
-2.437322389869223394e-01
-2.396689494776515772e-01
-2.342911714623142627e-01
-2.282626252867156758e-01
-2.132371268016329535e-01
-2.094530750762995663e-01
-2.045318248264513805e-01
-1.976313489122183409e-01
-1.924492002105609167e-01
-1.812467466682006201e-01
-1.739648712154187593e-01
-1.665388207196301096e-01
-1.613573617920863734e-01
-1.542505911214917536e-01
-1.461025592370315818e-01
-1.315504461997908936e-01
-1.224098253831482214e-01
-1.121011695615431597e-01
-1.087945919257896216e-01
-9.858588681341626248e-02
-9.431085907253060341e-02
-8.585279381970485624e-02
-8.190221490005616944e-02
-7.414227306965932851e-02
-6.733092233840090590e-02
-6.347101830955076407e-02
-5.633400691239624780e-02
-5.278189882848639131e-02
-4.534278529658281737e-02
-4.041759459172417079e-02
-3.695083708666291322e-02
-2.849660358425302326e-02
-2.342884492406129698e-02
-1.252374795992618021e-02
-5.681599337462113659e-03
2.104960306920971181e-03
5.534783947006295148e-03
1.178675704562344266e-02
1.608190982854536960e-02
2.297419001794415161e-02
2.747174907218297157e-02
3.245788269607365051e-02
4.105226018508668223e-02
4.319284656451153476e-02
4.791661549585368024e-02
5.316167195474980067e-02
5.488987476991224329e-02
6.134808690819315569e-02
6.729789716456521798e-02
7.011558742945704636e-02
8.020257101705885461e-02
8.714789253399210511e-02
9.161813115914965722e-02
9.551506522719625802e-02
1.111011368086211037e-01
1.202309437871160597e-01
1.265703165628368487e-01
1.302007997638071068e-01
1.345865826849282076e-01
1.459947794067321392e-01
1.548488824207656656e-01
1.607015933537726815e-01
1.669597322767730208e-01
1.777262202153367943e-01
1.851566056804109517e-01
1.953603748767625270e-01
1.984548136928229733e-01
2.000872516016815594e-01
2.134051512557312291e-01
2.161694895603052113e-01
2.211696555517958240e-01
2.330988313126239886e-01
2.407778029584886070e-01
2.486410429132063504e-01
2.518083599302176623e-01
2.601676315892483271e-01
2.643072163865145541e-01
2.737836425813724994e-01
2.768216573386669266e-01
2.827718322116086758e-01
2.953854039769461259e-01
2.998887976868050975e-01
3.076927319160013830e-01
3.125378041601186707e-01
3.209073396546353596e-01
3.309585725933494316e-01
3.383919592185399283e-01
3.408600947737727149e-01
3.504638730961274762e-01
3.562050169500455832e-01
3.666829526971649433e-01
3.730355259931789624e-01
3.801873355393261544e-01
3.898510467719890071e-01
4.007110819323098649e-01
4.092830391485449137e-01
4.159397033483793193e-01
4.226693734168858740e-01
4.329797171068293649e-01
4.413562482682240606e-01
4.477262776245464204e-01
4.572967631004162259e-01
4.616915216536617850e-01
4.702874375238824123e-01
4.786145097341551469e-01
4.855043674253321506e-01
4.988479632253797758e-01
5.084018396181857469e-01
5.119030943343159112e-01
5.235639494767103663e-01
5.328435779970970287e-01
5.386155567036211567e-01
5.508763326527339466e-01
5.546662612399051451e-01
5.717428904003918344e-01
5.767247670946040738e-01
5.868373131453235025e-01
5.954614094835974925e-01
5.992623660717676382e-01
6.098245587022470549e-01
6.135987129156071918e-01
6.224532157978600599e-01
6.295814139876110271e-01
6.362855764398799296e-01
6.444984814862243505e-01
6.524079482552439524e-01
6.606952917384606438e-01
6.721599444956888325e-01
6.745281105738016869e-01
6.829028412869411202e-01
6.900764036887602204e-01
7.032892812808629879e-01
7.141927216709547110e-01
7.209456114183341313e-01
7.310148708805249695e-01
7.337394105408631129e-01
7.410922382710922740e-01
7.518787232415840016e-01
7.578569368511758331e-01
7.696430811953925977e-01
7.739847165806131857e-01
7.808309783363142076e-01
7.893318154861230784e-01
7.976898762598548798e-01
8.064352782476360559e-01
8.190478642641987328e-01
8.349155894097581854e-01
8.391030727928930899e-01
8.536773892957961740e-01
8.583577724202774428e-01
8.732615817856448359e-01
8.773749868203579716e-01
8.876854686874118272e-01
8.951705663051865436e-01
9.042279563160151579e-01
9.080929759286467950e-01
9.170064303042164688e-01
9.217101617883057818e-01
9.338111906040387211e-01
9.392259346865172720e-01
9.521893975402718757e-01
9.607058413225719740e-01
9.678286367878378149e-01
9.772477084143230686e-01
9.929517278579927941e-01
9.990587511177582147e-01
1.006469732712766296e+00
1.010010945347785016e+00
1.017412573741325099e+00
1.031668571103767418e+00
1.039314362950367165e+00
1.043929847311749981e+00
1.052660732563203361e+00
1.060242037949346683e+00
1.071939672871633720e+00
1.082459221459873833e+00
1.090002462130641669e+00
1.099834924790581647e+00
1.108677544238807933e+00
1.113157715810666470e+00
1.122600297866312768e+00
1.134096283507365133e+00
1.142297859462724219e+00
1.152035137189480807e+00
1.154973965388848223e+00
1.157319080317194882e+00
1.164987402094584290e+00
1.171919624330095333e+00
1.176757867161906335e+00
1.181354464507258673e+00
1.189085397088915252e+00
1.196378870745247625e+00
1.199694632228639701e+00
1.204153508756839797e+00
1.210554301687278844e+00
1.214957740397448971e+00
1.219621758120979393e+00
1.229490721590422275e+00
1.231719297520938561e+00
1.236513463554657966e+00
1.239283103107930994e+00
1.246144043658444778e+00
1.259177553379399628e+00
1.264519034532747943e+00
1.271643964384507441e+00
1.277504938877500162e+00
1.284870100713018992e+00
1.293355961816866850e+00
1.304199394727336037e+00
1.312999531337201820e+00
1.315819932723636176e+00
1.327589594868391343e+00
1.333925680117593826e+00
1.339646547470697779e+00
1.346509454533413974e+00
1.352018092737395483e+00
1.355775374607954387e+00
1.369597872956995754e+00
1.371200445667417389e+00
1.380873579979897681e+00
1.398948445066579005e+00
1.405855640693604025e+00
1.420580837007870523e+00
1.430818717784350991e+00
1.441744036464996048e+00
1.454230015913624996e+00
1.461021735772968677e+00
1.473986700406254124e+00
1.490022631183915536e+00
1.497962384466183794e+00
1.503527630260449444e+00
1.515613590247027131e+00
1.539191095718792868e+00
1.557362471769570433e+00
1.575796093395175790e+00
1.601720105171253961e+00
1.646683987254592418e+00
1.728092475467656763e+00
1.814363118181219647e+00
1.901569954637850834e+00
1.986205624710823292e+00
2.063726783359886241e+00
2.115699565252874947e+00
2.125311661222628157e+00
2.159700991267933023e+00
2.164303296470799332e+00
2.171248016138525916e+00
2.196838661803867332e+00
2.204138280278802320e+00
2.221282201738782547e+00
2.231880996075934487e+00
2.239041152914838406e+00
2.242755819652497262e+00
2.256712803228114073e+00
2.267296126793792777e+00
2.276588215886806932e+00
2.300436188030704709e+00
2.313527429585941597e+00
2.336160962617904957e+00
2.355119159287715647e+00
2.367152478133366600e+00
2.384104187251530060e+00
2.399373103898380322e+00
2.424753651859148817e+00
2.434680146609335072e+00
2.450338276703268647e+00
2.474623827026039447e+00
2.481737630260921534e+00
2.537495605930023768e+00
2.561491218136310088e+00
2.570496625030958882e+00
2.585578569725790921e+00
2.592591261294353355e+00
2.609556167950261685e+00
2.615228567769720236e+00
2.621237274073744405e+00
2.641737245220133090e+00
2.648626909900662074e+00
2.655309584208985552e+00
2.665653994881516553e+00
2.673278944808371360e+00
2.682471776508361216e+00
2.688126088869279062e+00
2.694306393573249192e+00
2.709101791274782123e+00
2.716540261036666681e+00
2.722911117541180648e+00
2.731637530738518116e+00
2.744827226042022339e+00
2.757780909568251726e+00
2.760217228871160611e+00
2.765339531307194232e+00
2.776362551506706300e+00
2.784332955595674619e+00
2.793463874912144096e+00
2.805237278238858156e+00
2.809242659842277945e+00
2.816365756605331505e+00
2.825733762163814333e+00
2.836270665904498944e+00
2.841643227397515847e+00
2.854500491658256145e+00
2.864201930139226526e+00
2.868884221800405587e+00
2.876850752836877856e+00
2.884645470832854386e+00
2.896178628657246179e+00
2.904149390033112788e+00
2.913995451833086836e+00
2.919213021884611514e+00
2.931273675348470498e+00
2.943197949858235685e+00
2.949797325968242401e+00
2.958914740580230074e+00
2.964231245052741048e+00
2.974572289020755544e+00
2.982123113135958903e+00
2.987310673162822727e+00
2.994204167143675654e+00
2.997811718918288904e+00
3.004281499044123560e+00
3.009097329098896711e+00
3.016946455709920372e+00
3.040878285577973017e+00
3.044410868693943062e+00
3.051251976342002514e+00
3.052103806096784222e+00
3.060089645271358627e+00
3.066873409064148959e+00
3.080356286891520412e+00
3.092108347120852141e+00
3.100891920158119319e+00
3.105589089189674912e+00
3.112442145637343671e+00
3.121558385549101811e+00
3.124579818899571038e+00
3.129850174788850303e+00
3.146779749930789016e+00
3.152462669465076583e+00
3.157527108530671978e+00
3.160070029350317000e+00
3.164614467920411567e+00
3.166392362884280054e+00
3.178136583155162675e+00
3.181922620653389266e+00
3.186164331520352722e+00
3.194346637910136177e+00
3.198965942950178221e+00
3.203439854919605700e+00
3.212248113187470722e+00
3.216566047620114777e+00
3.221326208847564043e+00
3.228083118068689306e+00
3.234970508066717265e+00
3.243837607281244040e+00
3.251738204353358697e+00
3.271071438028031686e+00
3.279554714717042074e+00
3.281523502304873219e+00
3.285512966045641470e+00
3.288291684385504787e+00
3.297308507953697454e+00
3.307583730089475704e+00
3.312088267303086031e+00
3.316687376162964718e+00
3.321984358334518106e+00
3.323492079748678218e+00
3.347270286485642288e+00
3.351112829804643312e+00
3.363718925262003889e+00
3.368761807311538181e+00
3.389074111416831681e+00
3.402506190936980701e+00
3.420970172278376964e+00
3.432681251213903995e+00
3.436041401839058373e+00
3.488703516012662043e+00
3.499828390194670735e+00
3.558231960090117774e+00
3.597886353248495706e+00
3.693357284694805287e+00
