5.000000000000000000e+00
-3.228092666316974224e+00
-3.204445560936606263e+00
-3.166072824503255667e+00
-3.156413745750078270e+00
-3.152347304077084189e+00
-3.133548479584596258e+00
-3.132831012853543484e+00
-3.118323500240419932e+00
-3.104548477165008702e+00
-3.100227945984208144e+00
-3.096459032102662601e+00
-3.093122545144482594e+00
-3.087939234029118296e+00
-3.079048684095963218e+00
-3.072469656459847265e+00
-3.067857763506209867e+00
-3.052028102380087038e+00
-3.049692919815174985e+00
-3.047767621884939881e+00
-3.044732154695834137e+00
-3.040635074599494114e+00
-3.035000489572609261e+00
-3.031318352496281232e+00
-3.027103368831546071e+00
-3.023955238294409043e+00
-3.022402459303855871e+00
-3.017134202447707914e+00
-3.011520828572642028e+00
-3.005645688743357802e+00
-3.002704950869633294e+00
-2.993807758518812090e+00
-2.989071385401680825e+00
-2.981352523804880139e+00
-2.977070909420790112e+00
-2.974514000530363411e+00
-2.966824842435953791e+00
-2.954035028270552754e+00
-2.948905092607196909e+00
-2.939956362253064448e+00
-2.932807146616172478e+00
-2.929177081976101604e+00
-2.921007476527899716e+00
-2.908794047644752467e+00
-2.905793920927598695e+00
-2.900482448974181171e+00
-2.887757973101587883e+00
-2.884414637535867687e+00
-2.870365391088231632e+00
-2.865986639166711925e+00
-2.855889762428361678e+00
-2.850363997743147415e+00
-2.844658428665587380e+00
-2.840886540216594369e+00
-2.836147804115996429e+00
-2.828478979427634155e+00
-2.819968844425504439e+00
-2.810827946349931050e+00
-2.806727996649760470e+00
-2.803401850785104177e+00
-2.787621964757778681e+00
-2.782808030145722089e+00
-2.778476823866271150e+00
-2.772364732124997566e+00
-2.762751886657238032e+00
-2.758068559578331858e+00
-2.751939634444767524e+00
-2.744388585128611169e+00
-2.734566336862941149e+00
-2.726610986219024202e+00
-2.716896455484682171e+00
-2.702199462651635020e+00
-2.698372679492303750e+00
-2.690937952845790626e+00
-2.680768558680244329e+00
-2.671282384995298020e+00
-2.667232485557565536e+00
-2.645136178818890293e+00
-2.632950914790353369e+00
-2.626654595925368429e+00
-2.622995392208674392e+00
-2.619085171622803632e+00
-2.611043997017249652e+00
-2.606322280747408460e+00
-2.592633190846111546e+00
-2.586416651262927857e+00
-2.580980650163660961e+00
-2.575021511214034220e+00
-2.567639929034267521e+00
-2.552508742018019028e+00
-2.544994153377073687e+00
-2.541362636301852884e+00
-2.532801336621111066e+00
-2.518864511388008154e+00
-2.513333753159014528e+00
-2.510324661726626161e+00
-2.500268206411385030e+00
-2.491944194216873409e+00
-2.478883174718344851e+00
-2.474212556622299441e+00
-2.467561864540246397e+00
-2.457415606963721189e+00
-2.448148014223597180e+00
-2.439974663243926312e+00
-2.428624040390161110e+00
-2.419111012302699315e+00
-2.407446594650906935e+00
-2.405233994310609358e+00
-2.389915330794738058e+00
-2.382543312316720119e+00
-2.373504241770000966e+00
-2.355862192376442010e+00
-2.350303499147790021e+00
-2.335070585198494530e+00
-2.269319621446410640e+00
-2.251364636259042928e+00
-2.224106878747651450e+00
-2.212863754950095796e+00
-2.200756734499698553e+00
-2.180782499477244230e+00
-2.161157139196232091e+00
-2.132805589286948411e+00
-2.108377127413132435e+00
-2.083381822177409859e+00
-2.071105140196579431e+00
-2.057627285306180998e+00
-2.041822307836175909e+00
-2.038970826566634198e+00
-2.029971640644640640e+00
-2.014970232364430291e+00
-2.006637696299724105e+00
-1.998675581070035623e+00
-1.988691131685782265e+00
-1.982103186945067819e+00
-1.966527262744720783e+00
-1.949504230031078755e+00
-1.937309376407792882e+00
-1.921231935876059893e+00
-1.910055703552022699e+00
-1.884973768424701435e+00
-1.822129269450875055e+00
-1.743382358433312351e+00
-1.656759520897048921e+00
-1.567027040898159251e+00
-1.478102346651660959e+00
-1.394563783170945426e+00
-1.322852174706398154e+00
-1.320293611243027687e+00
-1.290195981238813738e+00
-1.285411918915165819e+00
-1.258832129550500500e+00
-1.257531590437574787e+00
-1.241121846905801629e+00
-1.231856071161445021e+00
-1.222680460895400278e+00
-1.213395008021916466e+00
-1.206389707046292781e+00
-1.199380923775718033e+00
-1.181052531929985383e+00
-1.161782547059134307e+00
-1.154527197891725976e+00
-1.148575576957026945e+00
-1.123189782313255058e+00
-1.109209695289445685e+00
-1.108000375418464634e+00
-1.097097075204416239e+00
-1.087225320901083370e+00
-1.081063268183478643e+00
-1.071740007373062076e+00
-1.064327322577577117e+00
-1.059473973399403413e+00
-1.053498064702312886e+00
-1.046350533985256792e+00
-1.041068331153222060e+00
-1.037653631911997332e+00
-1.032073217099308993e+00
-1.026386143515085392e+00
-1.019300270035262468e+00
-1.015740532625420078e+00
-1.009605308968096304e+00
-1.006908385248517446e+00
-1.001891953060211504e+00
-1.000121313358352415e+00
-9.958145688930909456e-01
-9.887735524313440161e-01
-9.847302495584372428e-01
-9.804394050172491326e-01
-9.784725033900962821e-01
-9.719116808306936806e-01
-9.663350103759560383e-01
-9.624535666217186591e-01
-9.534231421747759727e-01
-9.501104044232863144e-01
-9.471097092435063480e-01
-9.418798616375756438e-01
-9.363623835998051703e-01
-9.275052389791307306e-01
-9.213074657748313578e-01
-9.151821152337203946e-01
-9.061376045693460002e-01
-9.021596657992566604e-01
-8.951509542331099745e-01
-8.888146865058511592e-01
-8.813586035815120789e-01
-8.749777511668195284e-01
-8.634069000037958297e-01
-8.538160957067721935e-01
-8.410137528289380882e-01
-8.267457687454413673e-01
-8.063176987275415541e-01
-7.992302908463218003e-01
-7.943012300314852281e-01
-7.833951088583006594e-01
-7.799458095661934154e-01
-7.683729311706077869e-01
-7.613423447336544747e-01
-7.512354731001652519e-01
-7.450465926734968214e-01
-7.413634091996604836e-01
-7.300090041366784632e-01
-7.255726883841469022e-01
-7.160930248147630017e-01
-7.093981532879749530e-01
-6.981760220449326759e-01
-6.913099073014564722e-01
-6.863249363231584965e-01
-6.824240897778988124e-01
-6.687707598348856530e-01
-6.608694818921088121e-01
-6.550350035135092952e-01
-6.455983461983283433e-01
-6.295419152635903792e-01
-6.260396196082528286e-01
-6.164243183474285015e-01
-6.121253699577547946e-01
-6.019882375569103328e-01
-5.946186879915543733e-01
-5.902259638567047828e-01
-5.814978778229416001e-01
-5.734006651706788915e-01
-5.548101318075869814e-01
-5.364727149930562655e-01
-5.335963496287585706e-01
-5.254434019764400166e-01
-5.174541904580250984e-01
-5.098920859078006629e-01
-4.995928039113149977e-01
-4.975845224831525471e-01
-4.923439451213173501e-01
-4.868617775719771279e-01
-4.809208857760530198e-01
-4.696968449556028768e-01
-4.603247896346301937e-01
-4.588213051769266526e-01
-4.412259668153502568e-01
-4.347040817565911430e-01
-4.233022779287326509e-01
-4.139284255190774919e-01
-4.061438253147680588e-01
-3.987924558819277987e-01
-3.921022448364103741e-01
-3.824559196036064201e-01
-3.749494887658968989e-01
-3.707302422436074552e-01
-3.629998186776394187e-01
-3.586320272249620689e-01
-3.494734045063299099e-01
-3.436524270009475024e-01
-3.352640271545077599e-01
-3.311064947037146156e-01
-3.174445548725244315e-01
-3.110433601296849759e-01
-3.035413877306644137e-01
-2.958096668055667511e-01
-2.886915654633929185e-01
-2.679150584822639347e-01
-2.566669569860342004e-01
-2.434710445751052388e-01
-2.379197844596402101e-01
-2.272497631636690718e-01
-2.178063999706782994e-01
-2.073816286024730005e-01
-1.964838876506855014e-01
-1.933675084247190590e-01
-1.900165257499594196e-01
-1.785028119446025185e-01
-1.659164584962323219e-01
-1.603368760234599177e-01
-1.503501742094008331e-01
-1.425452950624121473e-01
-1.339011908744958679e-01
-1.259382401673531660e-01
-1.187200463503138848e-01
-1.130057097177445263e-01
-1.085256602613158539e-01
-1.034091051932743976e-01
-9.878154384936252419e-02
-9.394151938775295585e-02
-8.969890358582120748e-02
-7.796694127839563782e-02
-7.402508798825578606e-02
-6.723289119042130668e-02
-5.668800883716667433e-02
-5.286587152151854541e-02
-3.970557411065812198e-02
-3.357072834931761063e-02
-3.054101229078592591e-02
-2.380437420795520481e-02
-9.891437828756680789e-03
1.513665485465799480e-03
4.826906861525752379e-03
1.029776269460737012e-02
1.451101628367865333e-02
2.672717212910420692e-02
3.255645542192964897e-02
3.681383784300410605e-02
4.440867018080174589e-02
5.380295546744794793e-02
5.878750779368681345e-02
6.194231635654296603e-02
6.809851219052820426e-02
7.617867212414838884e-02
7.731296447116221826e-02
8.895151936370675194e-02
9.643204765779780918e-02
1.009012732913610461e-01
1.050314351919031663e-01
1.109086366326988704e-01
1.173007081042009986e-01
1.207098687651365354e-01
1.274636204309044230e-01
1.426418609168978724e-01
1.446858209591760369e-01
1.538277864341641155e-01
1.586106669071356834e-01
1.648513178278279423e-01
1.695482618141005149e-01
1.771015341781322083e-01
1.843895227962224215e-01
1.883951014605672603e-01
1.936018200962008329e-01
1.970079046001946554e-01
2.041242282678683018e-01
2.103421582664637690e-01
2.129496766990581214e-01
2.156589158517192850e-01
2.236332125166275164e-01
2.247858205888006444e-01
2.303637633102856574e-01
2.359952895598177447e-01
2.399819841048077274e-01
2.436096352117294861e-01
2.471514208501705001e-01
2.546728678439960092e-01
2.579877042069274595e-01
2.713199139609340782e-01
2.770179073165772166e-01
2.818301820822656789e-01
2.909074340845833051e-01
2.931205598409069579e-01
2.961502566133914494e-01
3.036540567027796178e-01
3.109399511645553060e-01
3.154572473609572603e-01
3.259053371104265739e-01
3.329807131620353688e-01
3.405450246255851687e-01
3.449027652606763139e-01
3.534212965761862613e-01
3.599919010149491005e-01
3.736522826483323345e-01
3.774684714086900539e-01
3.861946734079171883e-01
3.963548672908083770e-01
4.033365069793733992e-01
4.054664318355870045e-01
4.183096647392622880e-01
4.206753266352625809e-01
4.237029283388504819e-01
4.345243811916094101e-01
4.418238994521941354e-01
4.508801426000073054e-01
4.675843825717268532e-01
4.741463309662342640e-01
4.789385360550871273e-01
4.845175038632113518e-01
4.938056070162880618e-01
5.009683876969900362e-01
5.056404986978132454e-01
5.132021903392604001e-01
5.176561716827784432e-01
5.278060656005866269e-01
5.373320121811218097e-01
5.464673838782738713e-01
5.485458639528887348e-01
5.522206245441565464e-01
5.609661240099894641e-01
5.687897253962148625e-01
5.720451601311219436e-01
5.855776248636523906e-01
5.887855514417833502e-01
5.986159423114173483e-01
6.118357926065723928e-01
6.165660698350607927e-01
6.233491308457116409e-01
6.296536711914773043e-01
6.397724857645173957e-01
6.448530612427846309e-01
6.533409527041753595e-01
6.641313002366513452e-01
6.691659227552627653e-01
6.775414788114089149e-01
6.895034406002983340e-01
6.958237805708923363e-01
7.027613703508569509e-01
7.133505125805248426e-01
7.305600643847888209e-01
7.395562816189262811e-01
7.452274309042229428e-01
7.501626502244315153e-01
7.596213553735150503e-01
7.631267420735352580e-01
7.770270078048924223e-01
7.832140123742067361e-01
7.897160477732428907e-01
7.994499111470804165e-01
8.031967422028628567e-01
8.094139704371015043e-01
8.192784356153192116e-01
8.260485082099227050e-01
8.316463225913131030e-01
8.431913559065151720e-01
8.486527918238633283e-01
8.554844894125505084e-01
8.634105535765012052e-01
8.718371108685184501e-01
8.815493011381156929e-01
8.926393562435682716e-01
9.057476052987981641e-01
9.159263718365507900e-01
9.274686178217892429e-01
9.305357325520536849e-01
9.360242244074110651e-01
9.376759081955612363e-01
9.427115545599087376e-01
9.485248553929144233e-01
9.517838546175609871e-01
9.618004933751232999e-01
9.747963690253055313e-01
9.782952421812639576e-01
1.010712226411242698e+00
1.016419769566969444e+00
1.020759167222390351e+00
1.028899640833197404e+00
1.035009894810324571e+00
1.044059375425747449e+00
1.051467818773890395e+00
1.059273036877442564e+00
1.066030216758252713e+00
1.084435639120807870e+00
1.089517055975489201e+00
1.098281715208461851e+00
1.109583767546549860e+00
1.118507845264610889e+00
1.121226516179079757e+00
1.137450539287722773e+00
1.147951053447032743e+00
1.154267073749971395e+00
1.157201537209479492e+00
1.161154114123709835e+00
1.171618595859437617e+00
1.174939431203747553e+00
1.193650576190273815e+00
1.198049256386323425e+00
1.202906002510492955e+00
1.211233602243829921e+00
1.221168688541207414e+00
1.230628007473083319e+00
1.236449644166427886e+00
1.241520209164229449e+00
1.254492151474209116e+00
1.258309685262255284e+00
1.277571488906360742e+00
1.280070255172201854e+00
1.294444449517320184e+00
1.309024430830613150e+00
1.317269956696479616e+00
1.324424190804120771e+00
1.329887549327731122e+00
1.342673530019864891e+00
1.343763855802431184e+00
1.353498762282942192e+00
1.357156221598611934e+00
1.361937152439460119e+00
1.370424127818827831e+00
1.378526628437295676e+00
1.381538028096059856e+00
1.383089466509167309e+00
1.390461169830899069e+00
1.392485360970345587e+00
1.396223312667137284e+00
1.403124403562038935e+00
1.407615925760050901e+00
1.410484294490899071e+00
1.418267065249769310e+00
1.419994109801925974e+00
1.427266684919356488e+00
1.431862845709289234e+00
1.434084311186798244e+00
1.438393228838511062e+00
1.441054658296313296e+00
1.447941909247785430e+00
1.456856387830500532e+00
1.459688285828239840e+00
1.463432983786217667e+00
1.467283634323758079e+00
1.475684246876357575e+00
1.480394593943645365e+00
1.488349242503651304e+00
1.499432840203583694e+00
1.505196273474706636e+00
1.507639029291312216e+00
1.515356154750258977e+00
1.524439729875463057e+00
1.533534584422071134e+00
1.539121446598579634e+00
1.552161972907611487e+00
1.561783124875927076e+00
1.571529300988483646e+00
1.577195341268532669e+00
1.587382778160441044e+00
1.604965661534917265e+00
1.612366985503906447e+00
1.627925392837849872e+00
1.637437299180586558e+00
1.647796155477542879e+00
1.661630146088569182e+00
1.669222228205698544e+00
1.675617047705510565e+00
1.686097644718564936e+00
1.691691114657145167e+00
1.713976738674432676e+00
1.733570498973659779e+00
1.743306040295911297e+00
1.761121837822437364e+00
1.815304508342431067e+00
1.899269357684201021e+00
1.988119957463735155e+00
2.077724497317912977e+00
2.164964368608216283e+00
2.246767137166655548e+00
2.318613937108560119e+00
2.340799274999536106e+00
2.352702136570431701e+00
2.375093966229698150e+00
2.389871250964806126e+00
2.409247539552538786e+00
2.412504284301191237e+00
2.424590929303895415e+00
2.432870595939078839e+00
2.439517689769258535e+00
2.444366658932477065e+00
2.456733854178991816e+00
2.470832532896283240e+00
2.479734096209962324e+00
2.500870311670981394e+00
2.514449634719656768e+00
2.528038889077880658e+00
2.542748702010065642e+00
2.561136167986019174e+00
2.582565998576085597e+00
2.607883720082663004e+00
2.619160262473131162e+00
2.634305240978718654e+00
2.667012757381435506e+00
2.676302841059016391e+00
2.695130765497485203e+00
2.769960825980098296e+00
2.786737250676488920e+00
2.796783224867174233e+00
2.809141799988817301e+00
2.814452976518606597e+00
2.821480337732178434e+00
2.831581865977600199e+00
2.837789776020522847e+00
2.845403444246052072e+00
2.859082070157182631e+00
2.867645601276976652e+00
2.893808761348394487e+00
2.899406064759420865e+00
2.909692637325557385e+00
2.917878347310282727e+00
2.925849677736946042e+00
2.940220649020587995e+00
2.947533065877952385e+00
2.956998153469246660e+00
2.959074988999591316e+00
2.966431964027272272e+00
2.973662588987326938e+00
2.977358280044434036e+00
2.985644467571137106e+00
2.989956374198269540e+00
2.999356752352711819e+00
3.004780403550684653e+00
3.014068232875292352e+00
3.020079132505576691e+00
3.023855577602513556e+00
3.028690317950974986e+00
3.046576590030796616e+00
3.054715114713449253e+00
3.065015099777130381e+00
3.077083024470607331e+00
3.082718664432190891e+00
3.088126643584985231e+00
3.097510612296912491e+00
3.107465622385314763e+00
3.114947925849289589e+00
3.121271229648203249e+00
3.124064959777748118e+00
3.132304422889798712e+00
3.137167199635991111e+00
3.143034966890464244e+00
3.151261167932223106e+00
3.158761009070418346e+00
3.167221791181540347e+00
3.182245315711820677e+00
3.187113286480232954e+00
3.195911464303616611e+00
3.200032931967487837e+00
3.211840434940733680e+00
3.216756971165802614e+00
3.228033995353025265e+00
3.239706116915401779e+00
3.254144355134486855e+00
3.264446857670788571e+00
3.278464647183277680e+00
3.280717597821491971e+00
3.283603001289780998e+00
3.287788439254281769e+00
3.301455432564453396e+00
3.305833312663839063e+00
3.309871838422027590e+00
3.315602700041734074e+00
3.329089342291219999e+00
3.338833814983593218e+00
3.350966965858237501e+00
3.360596553664448205e+00
3.367508971551047559e+00
3.375088838198364805e+00
3.385658375737825132e+00
3.388066891711973838e+00
3.399607960053705025e+00
3.403800310219332381e+00
3.407696961214275788e+00
3.415008736954922686e+00
3.421960095462186491e+00
3.422561988175720327e+00
3.433298610649828220e+00
3.437620317185785535e+00
3.441192407450592849e+00
3.443187257360053266e+00
3.453384041302461238e+00
3.458151522686813806e+00
3.466118652367716546e+00
3.470018785242575010e+00
3.481865560829386474e+00
3.483905931278449497e+00
3.488461304185181078e+00
3.493108200298264965e+00
3.501403768219149892e+00
3.508435527739842907e+00
3.521636762708249879e+00
3.530957785759743395e+00
3.536486164935068732e+00
3.537450722560689265e+00
3.542724066722078735e+00
3.549953820801763360e+00
3.551885923677187140e+00
3.561174000959627328e+00
3.572075680012410270e+00
3.583059816259975161e+00
3.596743484242382216e+00
3.615489597559202295e+00
3.615914903427276172e+00
3.618051700697625606e+00
3.619366657395629350e+00
3.625844305071110885e+00
3.638323510165426988e+00
3.653434067421900799e+00
3.764761394304964259e+00
