8.537088671839949960e-03
-4.038372744956716248e-03
8.193063479290113235e-03
2.347864155703918362e-02
-1.898549709102059432e-02
9.714359704061282033e-03
7.062923608914564201e-03
9.610385896991396892e-03
-2.553602535450643848e-02
-1.561015755494390110e-02
2.287771159854266531e-02
4.590716088960065250e-02
5.110777156331092544e-03
2.451429922705576289e-02
2.798497476892574179e-02
-3.327802108623773708e-02
-7.135977658244399037e-03
1.281829862473105736e-02
4.375462526181617129e-02
-6.816568965450235662e-03
8.206571835087468538e-04
-8.061708971588591593e-03
2.142626701532095775e-03
9.912196029377182832e-03
-1.912893413042046631e-02
-1.491959860517149197e-02
-2.411726298323050091e-02
-3.662578665820591384e-02
1.091511625758361664e-02
-1.438399461163932316e-02
2.905392586157288029e-02
-3.583677181381803717e-02
-7.590271317431059083e-04
-2.420187140888170607e-02
-3.743858323741751370e-02
1.164673124361752590e-02
-3.326865657071199217e-02
-1.732329171898212145e-02
9.444588080292732821e-03
-4.339180368912862185e-02
3.528551891062272142e-03
5.244917582249756377e-02
-6.266131214292271732e-03
-1.141448869829351717e-02
-1.297038573843482291e-02
8.128244103992441141e-03
1.402231705814046409e-03
-1.404111301000778023e-02
1.616671316492728633e-02
9.979053589977649949e-03
-9.373467352702584063e-03
-1.682370281248848562e-02
1.945983528425164477e-02
-1.258494342494742395e-02
4.519489082527755608e-02
3.126732721052626757e-02
-4.460461539179114143e-02
-2.499944920956135436e-02
4.859171406982392555e-02
-1.592280364981370211e-02
3.157499237201219500e-02
1.360191314284888049e-02
3.916023920100092370e-02
-1.109769314652728905e-02
-3.379734548865633622e-03
5.868599795005269466e-03
5.505249370703829866e-03
-3.374044634811781268e-02
-5.568195574481092647e-03
1.818574702971573198e-02
3.324240722247323587e-02
3.010123488113998838e-02
3.395412160686390318e-02
-2.197437830005384909e-02
7.209634572563721616e-03
-3.895979635510228578e-03
-8.822019959421386476e-03
-2.961467894202684387e-02
2.322097551302109222e-02
2.154776627852262108e-02
-4.352601635561005242e-05
5.407908411213735271e-03
3.168601181223773544e-02
-2.936015089353870983e-02
3.411698281474211808e-02
-3.491524240887006604e-04
1.640588677160485093e-02
-5.677471814809694622e-02
-2.345610472513040903e-02
-2.125260582530305586e-02
3.434500828707841291e-02
1.642688111629639000e-02
-1.103538188556595426e-02
2.975287795398146723e-02
9.675400000596143593e-03
-1.369043622308833107e-02
2.284514065516149092e-02
1.307292386209719243e-02
1.046027159145365704e-02
-8.288500845487033327e-04
1.616371662813389717e-02
7.866266785918926696e-02
2.053088925428204342e-02
-4.753535975650199225e-02
-9.986728060377222591e-03
1.404646626609157636e-02
3.565063296012179871e-03
1.529343259488555665e-02
-2.121232947198868971e-02
-3.327554076221103663e-02
4.074545817530754455e-02
6.453881382347686786e-04
-2.264744339283972577e-02
3.828003641647034945e-03
1.513004256456832765e-02
-3.701613576522845388e-03
-6.806154712051132490e-03
-3.281784239628528915e-02
2.171297350631486850e-02
-3.053886336079870284e-02
3.439859550304690677e-02
2.080021661340639844e-02
1.400465464663917629e-03
-2.044309604583436843e-02
5.364114783186615248e-02
-6.181507918243638044e-02
-2.783991298699420303e-02
5.857481520133761034e-03
-1.036078202738423618e-02
7.453923527843620694e-03
-1.004643109151019155e-02
-2.557399660861798055e-02
-2.004428670171026078e-02
-7.373783804202533633e-03
-1.666862729568864207e-02
-2.492165986785300699e-02
7.310094804366504447e-03
-1.379606630106369660e-03
-2.163064588272767264e-02
-2.378284187807466407e-02
-2.751616916517901287e-02
-4.288715339500895406e-04
-3.606204186158772085e-02
1.814376997700655608e-02
-2.911752245430308805e-02
5.180213785387419168e-02
4.317843054846159934e-02
-1.956415040933771540e-02
3.523899553018378095e-02
1.116096472660797409e-02
-1.410911214656483496e-02
-4.948708362553732448e-02
-1.519357840402535582e-02
-9.441957786931711588e-03
4.009797091142033171e-02
2.931159987962011354e-02
-5.207078405559092266e-02
2.149756342432434381e-02
1.201302867834638972e-02
1.423071483734509105e-02
-3.554356756632594087e-03
-1.879561319101566777e-02
-5.616159959668568652e-02
-3.437767311865636000e-02
-3.232977058435590727e-03
2.621433697389013995e-02
-2.720864627391301332e-02
-2.577989841939437934e-02
-1.471420836772635923e-02
6.964049802717212079e-02
9.178667021679309118e-03
-3.546814820311613298e-02
-6.389978998797125886e-03
4.207749747006400524e-03
-3.910183288689036453e-03
-9.081806133235600931e-03
-3.713806217146763122e-02
2.611353406957085330e-02
-1.078611336107850499e-04
2.833032598642758540e-02
3.299668226941101373e-02
3.623961182241953929e-03
-3.147999264092813526e-02
8.264892741365442372e-03
-1.253180770282561092e-02
3.641424225959362425e-04
-1.117548012810668651e-02
5.386533163896874143e-03
5.245245785348497808e-02
-2.397555514869959339e-02
5.309566212466137330e-02
1.372260032389641636e-02
-1.596517050921076111e-02
-2.225660573591839442e-02
3.617163113415543078e-03
-5.637555533177859846e-02
1.336031048128616394e-02
-1.762418969622356335e-02
1.578233378461695036e-02
-4.908235906268239301e-02
-2.237605208051637179e-02
2.412505002150600129e-03
-3.730692271799412874e-02
4.807100128430628894e-03
-3.864528589059008229e-02
-1.296633640057757823e-02
1.492217169393728581e-02
-1.831077337382124590e-03
-2.905454266462370247e-02
-2.555429443813751755e-02
4.487139295469282779e-02
2.723670671697472206e-02
1.632818097050660333e-02
-3.327041116492308881e-02
-1.491538609373369365e-02
2.348968985551348754e-02
3.613385394311238730e-02
2.784792019633759372e-03
-1.977946982702816908e-02
3.737965592891354712e-03
-6.320343724166091470e-02
-2.452217180102498825e-02
2.852626947988284520e-02
-9.654403501604147744e-03
-4.856999348914570191e-02
2.890409376780270559e-02
-2.167527451469090666e-03
-3.327909223778884734e-02
-6.097315564579668112e-02
9.177465095989484692e-03
1.243266877664913825e-02
6.891486993133965309e-03
6.129194876113432111e-02
2.226414110734796156e-02
-2.021224611670719568e-02
-2.378720331464899418e-02
1.117235615367196018e-02
-1.380947852589636642e-02
2.084574519829201708e-02
-2.819873611582971937e-02
-1.672532996438790345e-02
-6.390254891022449646e-02
1.561403182860286428e-03
-1.567704448594446978e-02
1.290294701001625834e-02
-2.054339719311161494e-03
1.910413972031824864e-02
1.730536560729412782e-02
-1.393196036606848473e-02
3.794619042504547568e-02
-2.958839636368138307e-02
-8.029140428191937351e-03
7.544463691216410015e-03
3.835925063053113870e-02
-2.012882339340718932e-02
5.061904842262478395e-03
3.142576723255336574e-02
-9.680960568985689033e-03
-4.877764222866520089e-02
2.524881025415235195e-02
-3.898642639575181350e-03
3.445268714488121387e-02
-4.946928078131127005e-02
1.200854897836521260e-02
3.528884146902257646e-03
1.124464644549660018e-02
3.439086911611434483e-02
3.196517765127285943e-02
1.781767474130325005e-02
-2.666902373782946076e-02
-1.020590992427329417e-02
-2.854480366107717878e-03
-1.660418894287654656e-02
-3.914144323479110121e-02
-2.255845486116235879e-02
4.274343720549231285e-02
3.207206544512314350e-02
-1.362263665074583442e-02
-7.076860457960308486e-03
4.067954707639086231e-02
1.158481757863976920e-03
-1.621815922300864909e-02
-2.925508190630760411e-02
-2.014547267372520517e-02
-2.281482762677652931e-02
2.782852587036401416e-03
3.612827470643417693e-02
1.557000828415868593e-02
-4.036573182255700359e-02
-4.834664490754648353e-02
-5.085624182951164335e-02
-1.171817016689594149e-02
-4.833926946306016728e-03
1.658026639874912028e-02
-1.739716504762371316e-02
5.010522021391471820e-02
8.346290343764169173e-03
-9.921195830363205986e-03
1.122903943784454503e-02
2.140718291488387381e-02
2.159700164768004957e-02
-2.176784363851221905e-03
-1.709464124231692070e-02
3.275361083525159950e-02
-6.478249044849458682e-02
-6.230166023650687834e-02
4.872710120457446337e-02
3.267577155213772632e-03
-6.572067438978382303e-02
4.095770906854902943e-02
2.453425292563178942e-02
2.775187191903064760e-03
5.138176080324106249e-03
2.787218273474842412e-02
-5.328284028482431012e-04
2.709324500618924894e-02
2.305902005275129590e-02
5.556366894883230101e-03
3.752177562977911801e-02
-5.200686736441671905e-03
1.229647162675179088e-02
1.595217113472256060e-02
4.119974459847810383e-02
1.302076984818570371e-02
5.336256259501678118e-02
-4.071267272436544619e-03
-2.307748514411315718e-02
1.312920572063795352e-02
-1.796930319385471597e-02
2.038269081496817819e-02
-6.196099162569810442e-02
-1.226060518017270916e-02
-6.378536854253690110e-03
3.530317854796617694e-02
-7.217047925817283169e-04
-4.487302291660052317e-02
4.429246423106116687e-02
4.365758758580392390e-02
2.596038461838740593e-03
3.291499256653297040e-02
1.133111622979551987e-02
3.933017861874632884e-03
1.323668197319063759e-02
4.189823439229002633e-02
-3.464039304814999637e-02
5.198727400869971108e-03
-8.181702101898462656e-03
3.111091518175822202e-04
-2.677619409210556592e-02
-1.898791767415678247e-02
1.908349288305909858e-02
-1.478527040808407488e-02
4.155130098919779247e-02
9.069726092937928363e-03
-2.887281775717086274e-02
-3.320458207424806935e-02
4.911984523583230039e-02
-2.512455418796585155e-02
9.632825372056650487e-03
-7.329722671832573401e-03
-4.852890057168849497e-02
3.583827572850143556e-02
3.469430218082335260e-02
-1.794137124023505170e-02
-8.200123698842660958e-02
-2.587830486099847865e-02
-4.392847143737120541e-02
1.870728201630142765e-02
1.467985291614262028e-02
2.552061214705765579e-02
7.683222665296811534e-03
-7.866050944674959217e-03
-2.733787901164249669e-03
5.559853262217328423e-02
-2.639763166994364349e-02
-3.782327693735461349e-02
2.978459615680311562e-03
2.726819214882800213e-02
-4.611768732978969998e-02
-5.752543109349553870e-04
1.803214091044427064e-02
3.068319850168011245e-02
-1.386050678599388963e-02
1.869284048870904422e-02
4.993896495689872927e-02
1.683373411013124087e-03
1.449334403166878914e-02
-4.307139477715883624e-02
-4.112957220903159378e-02
-3.913315589311851055e-04
5.493730830684470656e-02
-2.418624954723586767e-02
1.824588126873269434e-02
-5.149920301980319415e-02
6.678650826931085624e-04
2.785275496862840358e-02
-1.253248676872603141e-02
-3.274923775186015101e-02
4.869273108262897609e-02
5.063296163585505501e-03
1.250604211337678733e-02
2.893152475773450548e-03
-1.233443424175731384e-02
-5.125643733477130634e-03
-3.820386206086282682e-02
5.262441799125497366e-02
-2.279169713089425689e-02
1.654117167517127427e-03
2.752510187895788538e-02
-4.644417136188768586e-02
-4.987988267395779968e-02
3.665231593407158872e-02
3.273411872150119167e-02
-2.308558312565814688e-02
-8.812358002080402861e-03
1.631670008785756840e-02
3.717573281792806161e-02
-5.094101265480695771e-03
-5.891684237877024138e-02
-2.670306580592067894e-02
2.506551339894804234e-02
8.283895960844247369e-03
-2.349688015342384084e-02
1.763096196429410692e-02
-1.167550277768067066e-02
-2.346676885976871092e-03
-4.489278428442827068e-02
-4.345326732413193338e-02
1.141585766481777696e-02
-1.911414360230983059e-02
4.099902250677978088e-02
-7.517757940854208690e-03
1.497185737872036744e-02
-3.126806053424708437e-02
-5.300685623236696918e-03
4.046919540864550580e-02
7.547405640917126401e-02
-2.342288246204184826e-02
2.004720915300841830e-02
1.167315820415370901e-02
-2.723968539417782539e-02
2.185636054899472297e-02
-1.940734452573859153e-02
-3.630794829618433361e-02
-4.071310466755796026e-02
-1.739596585540631457e-02
1.061521145146864832e-02
-8.063513185582550646e-02
1.488476444582114908e-02
7.456084074612239106e-03
2.822324499954204438e-02
-1.997731808332604136e-02
-2.984677383921231428e-03
-2.949994193808573237e-02
-1.758763197521475948e-03
1.903903153182901278e-02
2.203865333134977234e-02
2.655773268529396450e-02
-7.214351437777945762e-03
-2.869502441168876941e-02
4.297556999273820233e-02
-5.863797453670468313e-02
4.736891819290202366e-02
1.863729009348005089e-02
1.587029350054331572e-02
-3.564406204570910730e-02
1.456225559687866810e-03
2.347424688650245200e-02
-6.807028662062176473e-03
3.990469259212841430e-02
5.967519033931461409e-02
-2.529837072411225511e-03
2.706036707202252693e-03
7.712195106565740638e-04
-3.178615809914617230e-02
-1.073238666280667067e-02
-1.908738189397164373e-02
3.618153430312454066e-02
5.804228330559907389e-02
5.940105021378662940e-03
7.566364799460974754e-03
2.776596918467022154e-02
7.417354250244775904e-02
-9.810507995091786310e-03
-7.013105058038935150e-03
3.171865495252521039e-02
1.734314241371148757e-02
-2.449594367030109680e-03
2.399811785637253822e-02
3.984147886114599441e-02
-1.149353937652759262e-02
4.673685378056188083e-02
2.651160737249501007e-02
3.617577895168472280e-02
-3.158729930943295072e-02
-2.304954567088049813e-03
2.817820727033966410e-02
-8.986374285316506630e-03
3.179592773636723962e-02
-6.057397110283141081e-03
6.869788624382890596e-04
-2.671364800625022212e-02
-2.410382980742431167e-02
-1.086908029954245999e-02
-7.017935279572627694e-02
-1.565459742560606354e-02
-7.989085604003600544e-03
3.136739029146953881e-03
-4.028238535218407312e-04
-7.995568764936787295e-03
-1.773666180644499143e-02
-4.579985345027220457e-05
-1.030524459133187916e-02
-9.627155005854688349e-03
-5.370494169646462118e-02
-1.930394558541397021e-02
1.519025727503720523e-02
-2.439591287784068085e-02
-2.077425070878667970e-02
-3.827361444988451600e-02
-8.757212165887899233e-03
5.361102015522347525e-02
2.790544685173123110e-02
-2.272924828864869226e-02
8.425684097482295147e-04
-2.250663247591705440e-02
2.558900827026481042e-02
9.031942486535845735e-03
2.662397043048794418e-02
1.238288351609099537e-02
-1.238540526486666890e-02
1.762349387218632712e-02
7.887456351825613068e-03
2.094935037144401643e-02
1.318454939545547940e-02
2.097502202986009645e-02
-5.010334206101425131e-02
-5.501384228032131160e-03
-7.206208756139140421e-03
1.391031243389819101e-02
5.388346968313273422e-02
1.759311817430777442e-02
5.068008909419751025e-03
1.638323481432192585e-02
3.092404621230148472e-03
3.806675892502263403e-02
3.701101467406660295e-02
3.425165479418298964e-02
-1.723580252615201924e-02
-2.072830859193840539e-03
4.100717675008726248e-02
6.203546517760588630e-03
-2.076208845052471968e-02
3.027791649817684894e-02
3.309399972875179397e-02
-5.114823466349383702e-02
-2.243710137778454766e-02
4.428655262178921720e-02
2.621633975509860340e-02
5.425365235719843693e-02
6.967695310203756223e-03
-1.085713076952077132e-02
1.906305563069844375e-02
4.415393936663530167e-02
-7.614019555224257711e-03
-1.748204839096172483e-03
4.111093279528282851e-02
-5.655057156839164018e-02
1.533522008105647413e-02
1.931164479081441676e-02
5.826894122769547130e-02
-6.332959633090136722e-03
2.753652947676735532e-02
4.482928444791222516e-02
-5.210865155248172592e-02
8.775810808146220290e-03
-3.830908397072020632e-02
1.161609838263679730e-02
-2.725854646137762169e-02
1.078679911203606935e-02
-1.331255104242869657e-02
2.251406783081101495e-04
-9.385706664222462359e-03
-2.490155002388954458e-02
-2.202929459348350674e-02
-2.631346703640588536e-02
-1.896518120927280851e-02
1.536357189687877212e-02
3.172719798428454705e-04
7.698305097647874934e-03
-2.853561199531842035e-02
-6.745688231239432668e-03
-7.001042197625529512e-03
-1.964166955872667306e-02
-4.567838399737483152e-02
-3.815887207348570703e-02
2.035664964588836459e-02
-1.446752851156363553e-02
-4.630161892428137638e-02
4.545866167282678477e-02
-3.377494368545107609e-03
5.146141938231656165e-02
1.813398342668867333e-02
4.242500521590195084e-02
-3.749311271343559130e-03
-4.295880994046822471e-02
3.444930029286123740e-02
-1.530903893720559836e-02
-9.540305134338936469e-03
5.161241391249021468e-03
1.560721744929697077e-02
-3.466889600614977279e-02
4.223929564376970903e-03
-1.577975559356016577e-02
4.238332234749499217e-02
7.806397488709120557e-03
7.134936997249733889e-03
2.385335772228445658e-02
2.184479089468891518e-03
-2.572959090955965339e-02
2.166620479499452301e-02
1.397951275707752170e-02
3.527029430553413770e-03
-3.511487096769833061e-02
-1.203024100978813092e-02
3.043600539786867065e-02
1.770176949511756762e-02
3.865776898422511321e-02
6.701940296077490630e-03
-2.937399881028737031e-02
2.362771940250219666e-02
-6.660434116316618636e-02
-9.320979046773912938e-03
1.353630562301320070e-03
-1.741604169020616322e-02
-2.788998887273485411e-02
3.497679238445643157e-02
-2.469034357493500587e-02
6.455256240463470244e-04
2.534215355243148171e-02
4.870703079465979468e-02
-9.773597558069672259e-03
2.503634055292300667e-02
-2.338988808793718982e-02
2.075544878654218134e-02
1.016545737763515332e-02
2.438354500275762352e-02
-1.673093026400113842e-02
1.742020338264204868e-02
-1.441812042274173526e-02
1.888685944603938835e-02
-2.454553341744861866e-02
3.461011832019220830e-02
1.365422630181117349e-02
1.658047443083372947e-04
-1.961487455864834029e-02
-1.806900729557281080e-02
-3.339114766782449398e-04
-2.775940489098205257e-03
1.700414784861266695e-02
1.849291131192180512e-02
4.009233645956732832e-04
-1.940098667865146689e-02
-9.044094683636001025e-03
5.754133982728417557e-02
9.005751297643650819e-04
4.971642710693931731e-03
-9.235955497141614887e-03
1.423938182852107354e-02
7.035344046287464979e-03
1.121706949265679001e-02
-1.230217632863199809e-02
-2.805955714994409333e-03
8.361916905307839598e-02
-1.305962693300014368e-02
1.227351244800999790e-03
2.691110525650111315e-02
-1.742274344303978290e-02
-2.890653948147418190e-02
-3.919095877264568151e-02
-5.116479495669586097e-02
-6.698506913602149566e-03
1.028104866134075743e-02
-5.565059375513236456e-02
9.528261166172710683e-03
-3.080683763295067202e-03
-2.192877518345794086e-02
2.080890401106963786e-02
-3.283609020385051987e-03
