-3.477049965084188177e+00
-3.461973143222697225e+00
-3.450359734562959080e+00
-3.447194117450355755e+00
-3.445513048035340198e+00
-3.441922684020738643e+00
-3.435231748053587886e+00
-3.433031674417109880e+00
-3.430298004814595014e+00
-3.397449111881161166e+00
-3.394088614799767090e+00
-3.372816572038673133e+00
-3.368780267222637459e+00
-3.359162929548733523e+00
-3.352696255317485718e+00
-3.344913270859419363e+00
-3.341390441008860623e+00
-3.335455647279769842e+00
-3.321947046787523838e+00
-3.312732047494786336e+00
-3.311593717868751785e+00
-3.298171587407905836e+00
-3.288106668969440705e+00
-3.280607981319844324e+00
-3.265049244221171598e+00
-3.261513833918592731e+00
-3.256927761618999995e+00
-3.252748165838569516e+00
-3.237806893493957006e+00
-3.234168203883686310e+00
-3.227844262546046394e+00
-3.226086860745742246e+00
-3.223641472888782555e+00
-3.217857466761000484e+00
-3.209542634454081167e+00
-3.199429247582771918e+00
-3.184988058588685167e+00
-3.179245800083758677e+00
-3.178303907628800218e+00
-3.174662400683525565e+00
-3.164730538114212788e+00
-3.159526619178253171e+00
-3.156521744599340984e+00
-3.142949648211532221e+00
-3.135763068729178205e+00
-3.132570556895337255e+00
-3.128118726209505596e+00
-3.123709646505707038e+00
-3.112881543616285107e+00
-3.106649406666932123e+00
-3.098628001927505426e+00
-3.090894541831654685e+00
-3.076566306356054437e+00
-3.067615313884857642e+00
-3.057286719187471302e+00
-3.046302810821842399e+00
-3.039140074063094499e+00
-3.032520250297426667e+00
-3.025736153915603577e+00
-3.004260559885441495e+00
-2.996779506344269706e+00
-2.985924762307083924e+00
-2.981647604365246007e+00
-2.980467734386226919e+00
-2.967957559497955256e+00
-2.961446370266846095e+00
-2.952279254863812596e+00
-2.950049916711515507e+00
-2.940553363450367108e+00
-2.927462557858807379e+00
-2.915565469335221316e+00
-2.907302211846613194e+00
-2.900493807756953757e+00
-2.892825611842348543e+00
-2.886574867253860255e+00
-2.880145214883750526e+00
-2.872857359270884370e+00
-2.859002138626361766e+00
-2.845057538448518830e+00
-2.840752538001085625e+00
-2.834735937847419507e+00
-2.828578944240744963e+00
-2.816353300265570958e+00
-2.793975612724018287e+00
-2.789641676284250860e+00
-2.785924156649242978e+00
-2.780565584100882504e+00
-2.778046795750122033e+00
-2.767792486576802435e+00
-2.760879899329325760e+00
-2.756169731127202649e+00
-2.741421961477527258e+00
-2.733899389818730707e+00
-2.726732068474662096e+00
-2.713812728850909295e+00
-2.703610434612394808e+00
-2.694156906342303426e+00
-2.685613026772431411e+00
-2.673941113985993656e+00
-2.658732055529367866e+00
-2.651175783633841210e+00
-2.647126131266632765e+00
-2.629406476485405264e+00
-2.629054288116208671e+00
-2.618230820472218223e+00
-2.611247489186169890e+00
-2.599598156668180060e+00
-2.591701303122331712e+00
-2.579432187123475551e+00
-2.561308651885681353e+00
-2.558534976984691234e+00
-2.545360994325994053e+00
-2.542569224172465780e+00
-2.492434072994793581e+00
-2.449022973659148672e+00
-2.424695323248374557e+00
-2.411274132505703438e+00
-2.393331987644409686e+00
-2.382175044947102638e+00
-2.360065981682609948e+00
-2.353504626675319678e+00
-2.336977718959508010e+00
-2.329044365794567639e+00
-2.308811907779824146e+00
-2.287212508141407863e+00
-2.263065554511114907e+00
-2.241674780303316350e+00
-2.228220919536558320e+00
-2.218473224478213712e+00
-2.209305821053319629e+00
-2.201443828240300160e+00
-2.185928049543289120e+00
-2.179460461645859493e+00
-2.161593280603379075e+00
-2.158829415711477573e+00
-2.131785892905872615e+00
-2.130280963186866217e+00
-2.115281066735601900e+00
-2.084845351013628889e+00
-2.020540217120518012e+00
-1.943691089202438826e+00
-1.860017575511830445e+00
-1.773514593201374723e+00
-1.688052192442377031e+00
-1.609157228344012092e+00
-1.591138309558311814e+00
-1.568304541268992880e+00
-1.551401419492125289e+00
-1.539681641797373768e+00
-1.521330169500566099e+00
-1.510631954961654033e+00
-1.491858446993840293e+00
-1.480665606058493733e+00
-1.464694224141090295e+00
-1.451300890428598667e+00
-1.443101954964551403e+00
-1.431370339979494810e+00
-1.419660229971937193e+00
-1.412347209352303512e+00
-1.392613698825225788e+00
-1.386474773497129220e+00
-1.374426782960618043e+00
-1.371944534942246330e+00
-1.355145246611584753e+00
-1.350202335902850326e+00
-1.342653247057737254e+00
-1.332100179807831575e+00
-1.325609286975652168e+00
-1.317808501783624520e+00
-1.308276796192435532e+00
-1.302185690054769474e+00
-1.298624403903217983e+00
-1.289077857671758087e+00
-1.279847693962715249e+00
-1.278882547553017002e+00
-1.269133013650401320e+00
-1.256527082492129299e+00
-1.250219311802334587e+00
-1.249092788241077168e+00
-1.237993759517177716e+00
-1.233055506146677915e+00
-1.229612196879010577e+00
-1.222261374366473641e+00
-1.212930287598878776e+00
-1.208752303447076626e+00
-1.202197487054962322e+00
-1.190490793183571760e+00
-1.183495756888431005e+00
-1.180482816625531894e+00
-1.171624664814200356e+00
-1.165875623021332297e+00
-1.162610138691629658e+00
-1.157993117852693876e+00
-1.150468040088254762e+00
-1.145106074160447962e+00
-1.139432045681787242e+00
-1.133337929681983436e+00
-1.128320874204953306e+00
-1.120106167619536741e+00
-1.104617310766226712e+00
-1.100562320685930739e+00
-1.089960175335889403e+00
-1.085021473961525151e+00
-1.078618691995266499e+00
-1.071545684598115500e+00
-1.066047982039754594e+00
-1.057006309407187761e+00
-1.042264036055456922e+00
-1.033172605927483723e+00
-1.026188353665050235e+00
-1.011157956177309414e+00
-1.004555843270670934e+00
-9.990186695906165815e-01
-9.839628928298205235e-01
-9.769052961113705580e-01
-9.723171103368569712e-01
-9.566265624933184553e-01
-9.497099928192166418e-01
-9.452573302088109752e-01
-9.397154533644204166e-01
-9.321946430427283659e-01
-9.253861899656747880e-01
-9.222297975990058072e-01
-9.160997187291060051e-01
-9.107823693871331949e-01
-9.024744539774937069e-01
-8.956843268328917862e-01
-8.870061533068457349e-01
-8.785527783952633563e-01
-8.692267916549201168e-01
-8.552338508186485555e-01
-8.458249515368483351e-01
-8.399451016915651103e-01
-8.161261406143270891e-01
-8.107687202949794836e-01
-8.058326291079439541e-01
-8.007034039606714115e-01
-7.821502955806771684e-01
-7.746500104734597159e-01
-7.658435638231024800e-01
-7.585000273594121323e-01
-7.463579703430757162e-01
-7.325508976346655210e-01
-7.299878268163343398e-01
-7.238246870639253316e-01
-7.167698759962963795e-01
-7.102583891951614881e-01
-7.019212252376791916e-01
-6.966225774538936655e-01
-6.923122193791905188e-01
-6.894149837391126967e-01
-6.811942578337238929e-01
-6.751516285607992440e-01
-6.659163924175187654e-01
-6.552828504450510794e-01
-6.462702541134512924e-01
-6.312458870760877527e-01
-6.189518730374977684e-01
-6.091054013611068019e-01
-6.079525341442310049e-01
-6.005650076189392728e-01
-5.902723279428156999e-01
-5.826128102370397022e-01
-5.736760448569979687e-01
-5.682287433672079668e-01
-5.629845084420810331e-01
-5.596875212516545517e-01
-5.493264992683751791e-01
-5.412980110546929957e-01
-5.384583253497435829e-01
-5.334878093791647347e-01
-5.251557484453144298e-01
-5.092723605887016225e-01
-5.033181567909326137e-01
-4.912990168402517899e-01
-4.771431281214514319e-01
-4.739818804972444344e-01
-4.678637605433252356e-01
-4.619234246893397788e-01
-4.470451548483700410e-01
-4.422879522225269255e-01
-4.324232121640606552e-01
-4.253204353996420384e-01
-4.130154010201029791e-01
-3.979695551406551846e-01
-3.899896078851307624e-01
-3.768134913273010200e-01
-3.708787983105841235e-01
-3.675577869276081544e-01
-3.585498778723307245e-01
-3.509265063752685099e-01
-3.452754189658535089e-01
-3.404711372441220907e-01
-3.314932659081997190e-01
-3.274794135291299590e-01
-3.208909756265579394e-01
-3.147184374099915027e-01
-3.055694330009006698e-01
-3.004174286436767649e-01
-2.916948520500212139e-01
-2.879958437508596258e-01
-2.804910241732605503e-01
-2.674998464463033687e-01
-2.633453300583142864e-01
-2.555363836334250682e-01
-2.483139711140691097e-01
-2.406464675067583048e-01
-2.374757376487738880e-01
-2.253463231910430575e-01
-2.213587023087446592e-01
-2.177087340086865108e-01
-2.078295419461075599e-01
-1.955460368968859053e-01
-1.889840347836620749e-01
-1.829113120400098769e-01
-1.792403464047802875e-01
-1.708367628562369456e-01
-1.693310944551696673e-01
-1.589945305384025398e-01
-1.556624463063866759e-01
-1.451417541936464162e-01
-1.362030342313801101e-01
-1.292028772710799578e-01
-1.242141818371569062e-01
-1.180038416425893411e-01
-1.129282031687429133e-01
-1.059829751037460882e-01
-9.791293404235551501e-02
-9.347618560042224300e-02
-8.934534973503931166e-02
-8.148956654676783873e-02
-7.403354976674964005e-02
-6.766548814871471695e-02
-6.408555247362082707e-02
-5.493720161389196999e-02
-4.600179890296095253e-02
-4.438179623080880376e-02
-3.771181675311070791e-02
-3.328497296489027479e-02
-2.889776168590937194e-02
-2.685218943551734641e-02
-1.927511664107959058e-02
-7.850073742792500198e-03
-2.334453102148410179e-03
3.253714205928934060e-03
9.157102772309678312e-03
1.364516575216129061e-02
2.376888867297500055e-02
3.073182547037308851e-02
3.218549088514309486e-02
3.776535754042421172e-02
4.640890258427247256e-02
5.031548992892603128e-02
5.984668084834791207e-02
6.174261751108789387e-02
7.019240574365928631e-02
7.306015450561827163e-02
8.893797479408360740e-02
9.360451966877736396e-02
9.654442001176843924e-02
1.041857273075610935e-01
1.109268146286175732e-01
1.194371154906443411e-01
1.235287557106432565e-01
1.316757499884415039e-01
1.408271114520437128e-01
1.456349248331305635e-01
1.559901380041239793e-01
1.617028651024418617e-01
1.663813656272062347e-01
1.774030279843486768e-01
1.850578022669621403e-01
1.929314467698450275e-01
2.016680219222352632e-01
2.040361356892876066e-01
2.118672505874676093e-01
2.191350866281719934e-01
2.278583439059743143e-01
2.335712722484780957e-01
2.417429515141564789e-01
2.484518272765693370e-01
2.549095018131392609e-01
2.585384464148785533e-01
2.673675416341460553e-01
2.801899115678946339e-01
2.875795220928099583e-01
2.963384783022071645e-01
2.988137111641255284e-01
3.022800728056109221e-01
3.145615036559021305e-01
3.213697681206657553e-01
3.276789077908446313e-01
3.365576160692738683e-01
3.405659587271079869e-01
3.484960792845940847e-01
3.516825655976091314e-01
3.642311114797580629e-01
3.705794631845792386e-01
3.774797105292543864e-01
3.878889212397036435e-01
3.901433063355926878e-01
3.960355012622511217e-01
4.023257701056965341e-01
4.114838252707019861e-01
4.161874633959121716e-01
4.207623443342192737e-01
4.369611197456663154e-01
4.462336055870866902e-01
4.574288803690322314e-01
4.658671119487707846e-01
4.683701346005021970e-01
4.787781530124720630e-01
4.899484894688908576e-01
5.000671560445163477e-01
5.058023221279365211e-01
5.115688176096033768e-01
5.166878980988612868e-01
5.294504925018909125e-01
5.422280391155140933e-01
5.458823875683395110e-01
5.565164174967511812e-01
5.605782285074106808e-01
5.736314443617888115e-01
5.898994456746279313e-01
5.960904423188617685e-01
5.983004965451428347e-01
6.112276589687745121e-01
6.226572332028689205e-01
6.269882078844580819e-01
6.329485952452221786e-01
6.400522604533633864e-01
6.436637705674596033e-01
6.542636265066963386e-01
6.602638335095614153e-01
6.700181317586687557e-01
6.735128850231983932e-01
6.863525470154101527e-01
6.914097565048085148e-01
6.955872519708763413e-01
7.060947334973038947e-01
7.178929408693945913e-01
7.244933823123910210e-01
7.360185312295355331e-01
7.391634333800293222e-01
7.492203552029266245e-01
7.552999772827743152e-01
7.680620553197291533e-01
7.749033391450388386e-01
7.806737129709129253e-01
7.945284248877766409e-01
8.082661301024135492e-01
8.154370586657417874e-01
8.248074220019362413e-01
8.358995654358498673e-01
8.530017590439153974e-01
8.568539192137637484e-01
8.677996342764696669e-01
8.810453200171980415e-01
8.885416841421960310e-01
8.929557340225848794e-01
8.997011567075891003e-01
9.033945569439404411e-01
9.090490527295037593e-01
9.178404096222846364e-01
9.349887619833824326e-01
9.401234260829650635e-01
9.447776076646304810e-01
9.516477943955496954e-01
9.602497283501586489e-01
9.706719267606979118e-01
9.858001133590151843e-01
9.945458499086250459e-01
1.008305434333577333e+00
1.014158338776137480e+00
1.017391776764290601e+00
1.023720703423559586e+00
1.030164381905750215e+00
1.043005573649992801e+00
1.054002233091415608e+00
1.056021994273666609e+00
1.066230360387688592e+00
1.072197395430128264e+00
1.083597394208354325e+00
1.088874039535224547e+00
1.097074921206427911e+00
1.111008187027027860e+00
1.116950873763103758e+00
1.127903922267865955e+00
1.136328730452748959e+00
1.142775631696673511e+00
1.144512963600125000e+00
1.154579619061446127e+00
1.164350843584620598e+00
1.172273212213955640e+00
1.174607056192005228e+00
1.182599549929565397e+00
1.194091670249772807e+00
1.198059267668065697e+00
1.204142849948456773e+00
1.213293838986253315e+00
1.221521813482001839e+00
1.224854964525453171e+00
1.228307453250218284e+00
1.232917153297993007e+00
1.239711187041215634e+00
1.243578468166422812e+00
1.251147654118783592e+00
1.258200061478101706e+00
1.260543580537414776e+00
1.267938947447964981e+00
1.271762093442564856e+00
1.277751977287602259e+00
1.281144219383431482e+00
1.285804753109533127e+00
1.296002965661838591e+00
1.303951320112626711e+00
1.309272302841918201e+00
1.319545712238211266e+00
1.324766081425504893e+00
1.327853650553729503e+00
1.341323857694633803e+00
1.346988535268199172e+00
1.354202313294367244e+00
1.367203152772441976e+00
1.371360559239859223e+00
1.379085185957433346e+00
1.388231359493141692e+00
1.396117825314887373e+00
1.403047011281839396e+00
1.414163009874837451e+00
1.430027055386404289e+00
1.438358877265834002e+00
1.448603325284809618e+00
1.459937032338300744e+00
1.466488601982605555e+00
1.484052379429656732e+00
1.495844785118874976e+00
1.518269125624331251e+00
1.520182452623981773e+00
1.530552736457288621e+00
1.545834963389094874e+00
1.552437587847412814e+00
1.573930427454947489e+00
1.616659024457022031e+00
1.640584747426774292e+00
1.721579663047621445e+00
1.808866318216545865e+00
1.897876022396571827e+00
1.985141867710153551e+00
2.067057737873181811e+00
2.088654612445758119e+00
2.130097287545914320e+00
2.138049526623507113e+00
2.181415707473251420e+00
2.192744050499524811e+00
2.207562249297430057e+00
2.215322519368098764e+00
2.226362816353836926e+00
2.236458768457433965e+00
2.239712534310419834e+00
2.251939068751135586e+00
2.259040789149066253e+00
2.272710235672153356e+00
2.279435793453166603e+00
2.309317299762843501e+00
2.325344363957290827e+00
2.348231958486554749e+00
2.355537580744026194e+00
2.377016274319069478e+00
2.392402170174952936e+00
2.417199509313250783e+00
2.437315804832884680e+00
2.447248691001025822e+00
2.474179332536592835e+00
2.491258313454838280e+00
2.501892269507996591e+00
2.535104505386730267e+00
2.546539713554937467e+00
2.578711431797730214e+00
2.585092503708257272e+00
2.602969876329368937e+00
2.611068733361166849e+00
2.625095747367916843e+00
2.637242100738811157e+00
2.654004034364613407e+00
2.659196421022793633e+00
2.667554211525201335e+00
2.674675053420282111e+00
2.681068543446725183e+00
2.689008356585131931e+00
2.705870195169214565e+00
2.708590304687029438e+00
2.720533113414137283e+00
2.738361324243955064e+00
2.749681748076066690e+00
2.755900860607162883e+00
2.760270417766938156e+00
2.769216753575287626e+00
2.774446935423429128e+00
2.785156804423310373e+00
2.794948142397681412e+00
2.804704607552344964e+00
2.808508366564777425e+00
2.816555614738409208e+00
2.820006114670766006e+00
2.828735564856519336e+00
2.842588927399912979e+00
2.848340765404741681e+00
2.857555695133659146e+00
2.862752214375845039e+00
2.871583738334998248e+00
2.878933470644910120e+00
2.883751602767278044e+00
2.897383123276681349e+00
2.913225060516442255e+00
2.916380986242044671e+00
2.933079956567116842e+00
2.943858512306249953e+00
2.945631288055474251e+00
2.950601930971702647e+00
2.964155862787949847e+00
2.968084873169041238e+00
2.975048811655942593e+00
2.990460939106616589e+00
2.993610254157246242e+00
3.010295202006269655e+00
3.023539327327733339e+00
3.031723150521990373e+00
3.040816786281154815e+00
3.046001230673568649e+00
3.053821865404739100e+00
3.060401451914275039e+00
3.065390630747517609e+00
3.071199067080265355e+00
3.075972778362515481e+00
3.101641723257338334e+00
3.107902460149710056e+00
3.124292665102551769e+00
3.128168604793058361e+00
3.131777772465240695e+00
3.134887130775862563e+00
3.140194092461453756e+00
3.143762383578715625e+00
3.157027891923687601e+00
3.167459353611918882e+00
3.170151037813184747e+00
3.180206694520947508e+00
3.183212136503474898e+00
3.188685016458034927e+00
3.192098270580803643e+00
3.198317813789585351e+00
3.211906220253524680e+00
3.217715467651308447e+00
3.220446603568166033e+00
3.224389534052955586e+00
3.231514698985304079e+00
3.240180332747984338e+00
3.242686759497946714e+00
3.246799372138425621e+00
3.249511036548637488e+00
3.259205304467461151e+00
3.262249021576984376e+00
3.267664688564520414e+00
3.269558182225272613e+00
3.271210518242019916e+00
3.274643244486845184e+00
3.277412334962942708e+00
3.279051666066255422e+00
3.285151327636624430e+00
3.292232510435038950e+00
3.300168704039931011e+00
3.313738167164416382e+00
3.330322703140410123e+00
3.334508446595209286e+00
3.342755278355666437e+00
3.346142110415360804e+00
3.354129286618779293e+00
3.369010555307244470e+00
3.385767818603405921e+00
3.389316984982134517e+00
3.392898899333540719e+00
3.395409640290976583e+00
3.400198271345420409e+00
3.412997915190182141e+00
3.427979581247597718e+00
3.444044655210468431e+00
3.473081238810638904e+00
3.544461693958171455e+00
3.603574477083431482e+00
