1.098423701484576437e-02
-1.697265503399197559e-02
-1.040980514516982730e-01
6.662465028005416789e-03
4.002942789301466159e-02
-3.128297741642349639e-02
5.353543634357672137e-02
6.404304153503347086e-02
-4.471873828914856713e-02
3.876435581641060613e-02
1.906467817366929926e-02
-9.201955915822439963e-03
1.708410474614591862e-02
-2.315410841677997822e-02
6.817637813061437624e-02
6.558878738395657049e-02
5.635454425471980722e-02
-1.257871369535466799e-02
7.753168056442265310e-02
3.552497296635959839e-02
2.084392123886736128e-02
1.237531579207191978e-01
-4.280087884029146195e-02
3.131243567242395637e-02
-8.779916265657463498e-03
4.737731782650073803e-02
-3.795032658900664851e-02
2.811671112265348021e-02
-2.655551042057189073e-02
7.170636737940798422e-02
3.279367277584392670e-02
1.051737771892215061e-02
-1.126606695548017885e-03
-8.359818027452442513e-02
-3.039986198027939956e-02
-2.213545974711750297e-02
2.387984291632816100e-02
5.570021563133981807e-03
-2.681341416611091044e-02
1.741985212655778811e-02
-3.845469024030172267e-02
-6.558023944322877163e-02
-6.885588554027776559e-03
4.861196255090276253e-02
2.046446873143478382e-02
-2.732670511320921952e-02
8.107024566609423444e-02
5.204794092306930242e-02
-3.383964063079777235e-02
-5.944070846940899266e-02
1.700881173627440124e-03
-3.650414442847644408e-02
1.018418287630574182e-01
-9.606269474651994711e-02
-1.565422545979318000e-02
4.111301877499186352e-02
2.141080739218156534e-04
3.972194863536269993e-02
6.591358107913759812e-02
5.360877856767205102e-02
-7.370035452836851131e-02
4.534279585840187560e-02
3.744498287660306957e-02
-1.072834984167151534e-02
8.614850168698401020e-03
-3.572502307950960881e-02
6.347281441799771003e-03
-4.171622883709273644e-02
4.856006254032683295e-02
-1.017482594395439921e-01
3.138237229520209753e-02
-1.408978928199960401e-01
-1.374713064648300340e-04
1.670680070923595203e-02
3.347242412533658201e-02
-3.040267871263367325e-02
-9.738844256648018782e-03
4.863026003008980025e-02
-1.599615768619313816e-01
-8.283376476022241697e-02
3.509662276445277979e-02
6.490314674584814203e-02
1.179043159920615258e-01
7.247588211461300500e-02
5.352844393385139399e-02
-1.748324590680791490e-02
-6.397438557955777150e-02
5.516626704075036636e-02
6.064081941708499186e-03
-7.152884033427136254e-04
1.815868102762478037e-02
-2.540517334048165293e-02
-1.831515305856898021e-02
7.893786504836970480e-04
-2.612645723270922218e-02
1.845522690706932756e-02
2.592294554440781676e-03
5.679453592604470635e-02
-1.044858773075386417e-02
-5.529050063755415467e-02
1.840716145535910633e-02
6.656682768543818740e-02
-6.312869076139096536e-02
1.043602343618826589e-01
9.043593621795031900e-02
9.184974708545512456e-03
7.545133065424657060e-02
-4.370804227620937732e-02
-1.141047215992182541e-02
-4.615722768966903922e-02
-3.347333776692073409e-02
-3.086503250111998289e-02
2.363780752651264624e-02
-4.197392398072632286e-02
5.904023067921150558e-02
9.036658398246472101e-02
6.714459172222686512e-02
-4.679169284359404463e-02
-9.167325617509540503e-02
-3.942967932737305448e-02
1.709765891264838564e-02
-6.231501977477598396e-03
-2.956979133437141749e-02
2.277678195096387997e-02
-2.207389959500768301e-02
-4.356656360248364196e-02
-2.719363196942946575e-03
8.374584933029373401e-02
-9.134597027168987055e-03
3.291599338917621659e-02
1.559400219098659168e-01
-6.644608807550475907e-03
-5.608387364572850475e-02
-5.200711754849098381e-03
-2.320776784922082628e-02
5.798202954713796431e-03
-6.177743246044592462e-02
2.920664305305854108e-02
6.446702774530455038e-02
-1.173634086371083164e-02
-2.327340690307141621e-02
-3.406460739835284746e-02
6.976385742115334557e-04
-8.938262299530165544e-02
-8.218998856354765847e-02
-7.842326034428963311e-03
-3.849003501566514271e-04
-7.261234404113429963e-02
5.689900318133357671e-02
3.764333830096554950e-02
7.395968098920312206e-02
-4.843194039815060248e-02
2.265424127141455607e-02
8.828018203578754525e-03
-3.002440859710512125e-02
-6.145996354877193008e-02
2.994344856234741614e-02
9.166938278778807847e-02
-8.549403702167250249e-03
-3.438744465168578485e-02
7.550005051699673619e-02
-2.125565953255041576e-03
-7.411228039670593459e-02
1.381049360096557078e-02
-3.443548898462085728e-02
-1.336984272219398084e-01
4.801990648444759424e-02
2.747287126372970761e-02
-1.036778419516225513e-01
6.204893131848580878e-02
-9.002541285998048870e-02
1.228741159169668973e-01
2.638237800326182284e-02
-1.035049420138756983e-02
-4.127945077472204571e-02
6.077938739690371545e-02
-3.119569002952772910e-02
-1.863431303861323718e-02
1.014754910341742963e-02
-5.118482836547313952e-02
4.587953798957178711e-03
1.114716741659855202e-02
1.011162629682161446e-02
2.488068989096859848e-02
1.344569021106433240e-02
-8.504824764265402071e-02
-1.094728326181059960e-02
-9.392805978776954182e-03
-7.129782042422955213e-02
3.772915151529990935e-02
4.082497370028596861e-02
-1.338902144012880067e-02
3.688603094502716784e-02
2.951964439461715606e-02
-5.457063115613873527e-02
-3.336417328584353331e-02
-1.295415944808930159e-02
-5.263717655853301230e-02
3.230214889089974561e-02
2.524942325630452969e-02
-1.874923989309928377e-03
4.877934749174769186e-02
-2.638084454820523173e-02
-2.674958644573324426e-02
3.504381084110230055e-02
7.889596553364118525e-02
-5.712285160761090136e-02
3.523805504650801695e-02
-6.403030942192107500e-02
3.452662937572414242e-02
-1.544230150181672909e-02
-2.654009514266049419e-02
-1.943662741351903991e-02
5.046674006423860354e-02
-7.601022942906880686e-02
1.503103393017265511e-02
4.222009075203636552e-02
4.951790578301665247e-02
3.253758820963507936e-02
5.606938645389204084e-02
8.282481634424955497e-02
-4.908739079208472578e-02
6.526825267713527723e-02
-1.351691449694249376e-02
3.446267246491356573e-02
1.753619539672439387e-02
-8.364045113795246303e-03
9.433149788603792385e-02
-3.906536968280608507e-02
1.273380851509289119e-02
-4.837413962810317714e-02
-9.323672652321145227e-02
-5.732248842416173829e-02
2.027397799406331289e-02
3.809508952504613716e-02
2.807383964528661555e-02
4.220144289664183590e-02
-4.553976813164128251e-02
-6.608901002248031287e-02
3.753890199820963253e-02
-3.320849084199464091e-02
3.402181255668585563e-02
2.682636533231072193e-02
5.355551055891432516e-02
-2.833370696974837899e-02
-4.206775269479432616e-02
-9.549660941768475450e-03
-3.397456773858237300e-02
-1.035782214608238321e-02
-1.134518974967302224e-01
9.397812760298959733e-02
3.658621797401288844e-02
-6.924738909581112933e-02
1.448513630607508066e-03
-3.971925848095228528e-02
-9.555315751781651157e-02
-2.984013077878340872e-02
-1.062234177341684765e-01
-4.915039311305090253e-02
-6.750933265854666687e-02
-1.184908839911372018e-02
-3.141014315243696037e-02
4.772768712899883373e-03
9.388187944890585140e-03
-5.752615112440767620e-02
-2.784428487069075947e-02
9.069997932058223786e-03
6.049271418314271925e-02
6.657396045534556828e-02
-7.817950702048427625e-02
-4.550276059946492535e-02
2.757702103059026313e-02
7.158525882459425629e-03
1.058807119812616299e-01
-3.010951150158280507e-02
-3.731802605624259805e-02
8.033786546025287190e-02
-4.362806252578191974e-04
-7.665684363837807491e-02
4.783165528154326163e-02
5.144359165901320197e-02
6.942481380824133685e-02
-3.331831225248500783e-02
-8.527057304325158515e-02
-1.535083106412135634e-01
-4.414741157014420714e-02
4.219256810215826943e-03
-7.326553059928904432e-02
-2.888447716711203123e-02
-2.658967758279413493e-02
-7.598072468225466891e-02
4.280971992600834247e-02
-1.949317681249484319e-02
4.112789591495800978e-02
9.228035611363877289e-02
-1.650621112181846484e-02
-3.441316095080282356e-02
-1.418253958840344974e-03
-1.240113670780084755e-02
-3.542084510263057706e-02
9.234497331217739191e-02
7.029016339177506737e-04
1.001249405505703488e-01
-6.020369167948840666e-02
-2.519319166490029821e-02
-2.125443987439637819e-02
-3.000802467734105944e-02
-6.214598925336290575e-02
4.217595770049028386e-02
-1.176935734342109685e-01
-3.440926831958394244e-02
8.052855059531886794e-02
7.327504151682071032e-02
-1.277119515142039093e-02
-3.131445183749928529e-02
-3.379473350483344629e-02
-2.557872549524796424e-02
8.555430823134761720e-02
6.846281133605140040e-03
-3.533720345462904727e-02
-1.115613296369283164e-01
-7.070705912127117632e-02
8.179553232897612824e-02
-3.621493622669244572e-02
-5.413431081691125885e-02
-1.769971819841940214e-02
-1.248359106002164438e-02
-3.951959374961831056e-02
-5.010427214550724345e-02
1.704518655732769131e-02
9.606385919271208385e-02
-1.029228944380402612e-02
3.422922701847854604e-02
-2.278033390383615159e-02
1.163092657485629566e-01
4.721052203588276680e-02
4.210831833545933961e-02
-6.230767190154175295e-03
1.516077614916535275e-02
5.591472298521167617e-02
1.280388091151727636e-01
-3.082881529089505010e-02
-6.063673068302374847e-02
3.543981359101839451e-02
2.033848713793076982e-02
4.598057617589484253e-02
-2.380597423251847033e-02
5.660916811560889189e-02
3.761558598479482207e-02
6.571886745727907597e-02
7.002047399910518721e-02
-2.160980400204831967e-02
2.863529710696102390e-02
4.687737172325562307e-02
-2.190742342991487332e-02
-3.205829567354794712e-02
-5.970550765491265677e-02
1.422112687608555713e-02
5.781935015952370527e-02
-1.555524596668560883e-02
-3.076907204457524515e-03
-2.145425241743338651e-02
-5.079551201654800008e-02
9.025631733008909752e-03
-8.795886822473607258e-02
5.696860048534948401e-03
5.330066874555784012e-02
-2.026548440816763191e-02
-8.041479852480391821e-02
7.722993483829110328e-02
8.803930183161080836e-02
-7.131156497223553603e-02
3.971454604544598366e-02
1.324956526530367829e-01
2.789409387669936069e-02
-1.469071890977763362e-02
-7.646888462557534238e-02
8.541504403341933227e-02
5.257823109901800518e-02
5.504510758955713512e-02
-1.772655540651216569e-02
5.620902271892607924e-03
7.146551192920673479e-02
2.360604462323750291e-02
-1.676594825489835863e-02
3.690163800970478608e-02
-1.410574872775432814e-03
1.524578995851696810e-02
-1.549923476551807837e-02
6.434043207987648338e-02
-3.774255096217066924e-02
1.858515636189125506e-02
-6.375001049754783211e-02
-2.403042216843911949e-02
-4.745039768257867246e-02
5.525338986007568426e-03
-9.143510630336987299e-02
1.328049137473532454e-02
7.769176287719475882e-02
2.511054001891543930e-02
-1.852464438273909416e-03
6.506493584180592094e-02
1.136463430303957661e-01
3.767781467692583874e-02
-4.061499084263885118e-02
1.693199172076425077e-02
-6.567840046286515555e-03
1.901325391670688827e-02
-2.363457451886406824e-02
6.785577906572955176e-02
-1.014615415850271402e-01
-3.880866957605678524e-03
3.803561991308885420e-02
-2.138213257370206663e-02
-2.097001410111290140e-02
-2.630930761105960622e-02
4.534254091747945414e-02
-3.171925169479514889e-02
-7.795102260162978247e-02
-2.833435188347543238e-02
5.884925456386121828e-02
4.205828130859035063e-02
1.699412903876579240e-03
-1.569599891269780334e-01
-4.734260381521753630e-02
7.373391688977290991e-03
3.018374706391375312e-02
-2.200206249483389193e-02
-3.951226993790899616e-02
-2.869514715086660811e-02
2.339900504800488876e-02
4.659749010946052927e-02
-3.577201721217695973e-02
-1.170905396646417795e-01
1.073964664062612012e-02
-2.135102342023747005e-02
1.838637797566185228e-02
-8.714757825393995572e-02
-9.109764838921621810e-02
-3.792947876266416357e-02
3.421656958710859314e-02
6.796987675926346138e-03
4.967690706765927333e-02
6.754154463126736674e-02
-4.628128038643768150e-02
2.516287727416763667e-02
8.563595444082765240e-02
8.279466903535419309e-02
4.656455651978858024e-02
1.494512206788142783e-02
-8.494555250149809708e-03
1.263639962866864447e-02
-1.841345897524060068e-02
-8.955474790261029952e-03
9.599771606781062894e-03
7.059852235049380925e-04
8.850038564907207472e-02
-1.228544954303752851e-01
1.437307263241928597e-02
-4.108905638668576554e-02
-3.500005310559282934e-02
3.626285454061001917e-02
-4.305298166585010827e-02
2.156630449484849693e-02
-4.044601567501959066e-02
-1.234137989110063380e-02
-3.887810569626855284e-02
4.779802561028903551e-02
7.328661610805252413e-02
-4.006405976261786378e-02
-5.116608199680206664e-02
-2.091703477922954996e-02
-1.011207101100045731e-03
-1.061303185700457515e-02
-1.544425460250492717e-02
4.439686630654258309e-02
-7.390809851077421999e-03
8.666905388706439006e-02
-3.731610657141818527e-02
-3.380460050050016624e-02
-4.577399384552824357e-02
-4.639398735823508507e-02
-7.400561983991001125e-02
-6.564665108528694448e-02
-5.920501126479418841e-02
-4.143060159126975284e-02
-2.114124925230243673e-02
-2.406421951006759014e-02
-8.676078219737576314e-02
1.202561597838175053e-02
4.943912430916589523e-02
-3.548487219169513956e-02
2.665056252352742544e-02
6.379145348802373050e-02
2.799885347003537583e-02
-4.299095644902552887e-02
-2.384936610694388115e-03
3.397115428081085714e-02
4.632892568801167538e-02
-1.274746893694732319e-01
-3.678143369905351179e-02
-9.048271797430544605e-02
-1.275981496800459025e-01
-1.464706722005525152e-02
-8.220903835147881644e-02
4.307186122563698427e-02
1.379245360477899737e-02
7.443895589573597260e-03
-1.086685199615092939e-01
-5.860937943131582645e-02
-1.200941988438126128e-02
3.101868455061827096e-02
-2.677917941738767321e-02
8.822545815165820648e-02
-1.435248809690255895e-02
1.881025844319064375e-02
3.677821922704280905e-02
1.455544297607717363e-01
-4.307207512461094095e-02
2.599342772066968316e-02
-2.919963408928465121e-02
4.340792247811050414e-02
-3.941016199528230707e-02
-4.699427080337596069e-02
1.497183196004774237e-02
-2.314737701992359425e-02
3.438265569417996853e-02
-3.694977743123079722e-02
-1.128395394260071072e-01
1.583577196929157258e-02
4.595661886123746098e-02
-1.315786042757603469e-01
7.448816597356126834e-03
-6.824707537304085248e-02
-7.620545999729504312e-03
-4.970361605494727497e-02
-4.810690188050562033e-02
-7.177176263826561681e-03
-5.289884537155946365e-02
-6.375578364949122112e-02
3.001976675631964908e-02
9.193351433339376488e-02
-7.604677683526459009e-02
2.149288516716301931e-02
5.013197242769370371e-02
-1.270651644921995393e-01
-1.822378627773037219e-02
8.794222357657749400e-02
-1.756978981344818613e-02
4.732244515696940740e-02
-1.048194455687511718e-02
-1.265042328774803986e-02
5.963301434525392075e-02
1.082171643987585030e-01
-5.614153090771219733e-03
-7.850100438775760303e-02
4.478614642689879299e-02
-4.519879795476679230e-02
-7.016252196502552330e-02
2.337131240426297031e-03
9.553693420797104013e-03
-2.709447631113763924e-02
-3.093522707975088909e-02
5.768618081410976928e-02
-1.363789660949860788e-02
3.386895387595819512e-02
-3.219348702118175753e-02
-6.136608384427586632e-02
-1.019482307557598166e-01
-6.547176655161501824e-02
-3.315336286179512704e-02
8.163736740270501058e-02
2.114550413951182123e-03
-1.176251626309830350e-01
1.091411654966364421e-02
9.525341004403714562e-02
-3.611876432601149323e-02
-5.513266166804995511e-02
1.523000181971634337e-02
5.092837275855308099e-02
4.391682745536098359e-02
8.560612795038832767e-02
-5.654310475187594720e-02
-3.586925560274584202e-02
2.964277006126652542e-02
8.626611645365982184e-02
4.247981955576317359e-02
1.348940293443012806e-02
4.108074469945914575e-02
-5.052807355842704740e-02
-4.923225065096883957e-02
4.997443577919812030e-02
-1.269032641207109291e-01
4.026093339379022140e-02
4.350127760035640140e-02
-2.563596541080900501e-02
-1.701352649165966541e-02
7.115248950632853397e-02
4.903095695391122139e-02
-7.476272968612479586e-02
1.342829532105147862e-02
-6.532337679455552104e-02
6.162955245569320646e-04
-9.025536944439949139e-02
-5.188536762826710669e-02
8.012827911973215145e-02
6.903277057453978405e-02
3.068322035095049499e-02
-3.021879678515659862e-02
-3.981860582168886969e-02
-5.210209695989662104e-03
8.076943673538195326e-03
-8.456023430695866136e-03
7.517063564354957428e-02
-5.679091720775588520e-02
-4.997139205641475124e-02
-7.878897576879863307e-02
-3.732022864887066249e-02
-6.267171182433964316e-02
9.258468328118035773e-02
-1.115396814890725757e-01
1.258536729992317527e-01
-1.629495577741167656e-01
7.697931570365994236e-02
-8.502848946822835763e-03
-1.007376256789607460e-01
-7.094229388361755761e-02
-8.313298163883357794e-02
-6.079070433979190391e-02
-2.345751032377556625e-02
2.246128123832885279e-02
-8.220597254161135514e-02
-5.314005462140502373e-02
2.333933905603823977e-03
-9.553252692023031512e-02
9.496592383659333350e-03
-8.613643782289345796e-02
1.589199320383387001e-02
1.982939583298216901e-02
-8.803864165889928317e-02
-1.141344101073359790e-01
3.628193849240018282e-02
5.328838275039870370e-02
-4.225162191385693766e-02
1.199813816044292963e-01
-4.600412645718479632e-02
-9.321858264630501767e-02
-1.009918897223698181e-01
2.375862239486278490e-02
-3.584825309981402343e-03
1.033116824666032753e-02
-1.371304841608447789e-01
-1.864087258663638461e-02
-6.292077956320620002e-02
-2.337710806015865818e-03
1.867678208716566646e-02
-2.703078162433318263e-02
4.112760725239396342e-02
-2.807402220021150765e-02
-6.925156538099584702e-02
5.114032368290492847e-02
2.943506061433007193e-02
-1.065140757867393852e-02
2.999874570745788074e-02
3.527038953672256144e-02
-2.298169624950462120e-02
-5.543787224635650379e-02
-4.909116361659584399e-02
-3.397501049807798851e-02
5.407155842304351562e-02
1.462096986580742504e-02
-1.279793222523645524e-01
6.620583169994435913e-02
1.016961543944219365e-01
3.760184037273722919e-03
3.496218399940182603e-02
-1.472201989557380027e-02
-6.732324292267372230e-03
7.658671787000105591e-02
-1.216548860214114290e-04
4.318815213736813124e-03
-6.095875737567789387e-02
-1.006640499068330308e-01
-4.988687261251904120e-02
-5.351369215704192273e-02
-2.507752000374939561e-02
-4.838225451983015069e-03
-3.048942615559685487e-02
-8.553320066477301808e-02
6.632664146508017444e-02
2.943336482571096840e-02
7.196188195242152197e-02
2.255345511044827903e-02
1.211337996631789427e-02
-1.604370178050086582e-02
-2.875200171981558486e-02
3.225054843515805236e-02
-1.816953871406618015e-02
-1.169374760907544025e-02
-1.580936147821892027e-02
-4.352174254637548867e-02
