-4.795225781924902009e+00
-4.685739212618222460e+00
-4.537583645395788956e+00
-4.498481495620694659e+00
-4.448252192065365485e+00
-4.367903734060663901e+00
-4.359630209518154942e+00
-4.327906786791200666e+00
-4.315167364400419814e+00
-4.268953469273393253e+00
-4.238711789504312044e+00
-4.230865485295026041e+00
-4.209515456112678855e+00
-4.192020415976269732e+00
-4.191101184705964933e+00
-4.184998474591150597e+00
-4.157351535995241321e+00
-4.137791041075725929e+00
-4.110261537899909001e+00
-4.102461222971342636e+00
-4.088453074159141387e+00
-4.061435059977848816e+00
-4.048395835758576311e+00
-4.032353230066815897e+00
-4.007072156282192488e+00
-3.980292731151234609e+00
-3.960144304320081243e+00
-3.921512505914894753e+00
-3.908958824704365398e+00
-3.882714758419556045e+00
-3.863852676080110182e+00
-3.793924188427108213e+00
-3.768794042903896635e+00
-3.752414212055823928e+00
-3.715844267933147815e+00
-3.703657972163846068e+00
-3.668308880533612815e+00
-3.657848420449329563e+00
-3.621795161575103172e+00
-3.613300065293088004e+00
-3.597104933220202305e+00
-3.582605374882044558e+00
-3.553157030405061256e+00
-3.542888210988826447e+00
-3.519684580362624882e+00
-3.506464782508449840e+00
-3.486512365456489349e+00
-3.474452326404271929e+00
-3.460294762358260279e+00
-3.439913061580960107e+00
-3.417946899249918680e+00
-3.407618285939653546e+00
-3.371274360206659715e+00
-3.347058228803653446e+00
-3.338895876905272786e+00
-3.313934266174854759e+00
-3.287165744941922263e+00
-3.263731063492024465e+00
-3.229717935892817859e+00
-3.210924959213014240e+00
-3.196362394291179410e+00
-3.170897132550594577e+00
-3.158139857653390337e+00
-3.146612800807562227e+00
-3.124593388077705036e+00
-3.107234345068278003e+00
-3.086892059963942003e+00
-3.077956717705035761e+00
-3.049591176596322395e+00
-3.029038376519217479e+00
-3.011403491840598967e+00
-2.995549248089990346e+00
-2.969812227720068698e+00
-2.962368836520122617e+00
-2.956597452671711590e+00
-2.939362850884626788e+00
-2.922353063809790541e+00
-2.908790404693164522e+00
-2.889333016885987426e+00
-2.864595507195306201e+00
-2.847867619515373594e+00
-2.835090086638302420e+00
-2.814072846154925145e+00
-2.808882860941103843e+00
-2.783382508124940369e+00
-2.760750568759627210e+00
-2.744185444029354937e+00
-2.731550713827074706e+00
-2.717404025069572793e+00
-2.702876881408206255e+00
-2.685033378981405150e+00
-2.679597526156436871e+00
-2.645181847062151981e+00
-2.639701466283561171e+00
-2.626031267065940256e+00
-2.599051136099165493e+00
-2.588505787614711728e+00
-2.577067519751234492e+00
-2.562685916125847285e+00
-2.540094299240209796e+00
-2.523211080877338475e+00
-2.503650502258525368e+00
-2.494060974755104354e+00
-2.484176553134732401e+00
-2.463605218297537203e+00
-2.451635077612333458e+00
-2.433451952368502091e+00
-2.411814020162942107e+00
-2.395887466520615572e+00
-2.387840307152240715e+00
-2.379883593257534624e+00
-2.363147647756843384e+00
-2.350554498265078784e+00
-2.337984658485659395e+00
-2.329452325039468086e+00
-2.315012691700691239e+00
-2.309826468851103876e+00
-2.291977316637820117e+00
-2.273216668878478508e+00
-2.261334634630875140e+00
-2.241006604305731731e+00
-2.232557397147306055e+00
-2.229596249223957383e+00
-2.211695000698958413e+00
-2.194104196726702760e+00
-2.181760426390428886e+00
-2.166855745730893457e+00
-2.159765413047051386e+00
-2.153757381532327209e+00
-2.138142317344930099e+00
-2.123706787785460293e+00
-2.111461570822857237e+00
-2.107481193485263748e+00
-2.088079913264495158e+00
-2.063588173445626506e+00
-2.054722291697615333e+00
-2.037222655017227435e+00
-2.017571113848001474e+00
-2.004305339185070256e+00
-2.001703841428039254e+00
-1.981363795625483259e+00
-1.962636279151055430e+00
-1.939797720173418227e+00
-1.934100383472944662e+00
-1.912659322982108723e+00
-1.896300363084708618e+00
-1.881939648087901817e+00
-1.869342463240671881e+00
-1.865104046780884373e+00
-1.852894764578440379e+00
-1.849590937416917935e+00
-1.837564466071723857e+00
-1.815067668002642520e+00
-1.809958225630905693e+00
-1.796464846207720401e+00
-1.785011574987673155e+00
-1.780112565005476988e+00
-1.768426775359370540e+00
-1.753114183521832459e+00
-1.743755675787319159e+00
-1.732179755371802798e+00
-1.706926604847466278e+00
-1.699660724060473305e+00
-1.679502685279148810e+00
-1.675568842165000571e+00
-1.661914647202280548e+00
-1.645999709792375532e+00
-1.635308913938598341e+00
-1.621473743765799780e+00
-1.610776608273495114e+00
-1.596456062689681543e+00
-1.585353587015923216e+00
-1.576449697063095456e+00
-1.569524689547270091e+00
-1.563677536692022141e+00
-1.547699644278351716e+00
-1.544938048377455297e+00
-1.527314461325644857e+00
-1.511749112971164211e+00
-1.509695585491420688e+00
-1.499471827014957626e+00
-1.482598956887316355e+00
-1.472729355703604748e+00
-1.469343560621692024e+00
-1.457977785726659814e+00
-1.439457467210551567e+00
-1.427311510563328500e+00
-1.423275791872758100e+00
-1.409071087719675042e+00
-1.396300811904677142e+00
-1.389134955721654130e+00
-1.381666108642150448e+00
-1.376157838416832258e+00
-1.361522169421316431e+00
-1.355637446266458879e+00
-1.333926625489001649e+00
-1.324036503923757158e+00
-1.312348472003705302e+00
-1.308485904768077468e+00
-1.295835681030005127e+00
-1.284467509616369574e+00
-1.271837329856635668e+00
-1.266013499957927113e+00
-1.253297259369720473e+00
-1.246885732938997071e+00
-1.233580013617059379e+00
-1.221119191297598050e+00
-1.214570251309000870e+00
-1.205280985678645278e+00
-1.188124699471436951e+00
-1.184364883631872312e+00
-1.163982988251393902e+00
-1.150510945814602781e+00
-1.141884625045131996e+00
-1.126635870193160027e+00
-1.116950531043610528e+00
-1.107626983606602611e+00
-1.093979588629347299e+00
-1.087527807119184953e+00
-1.079051320054920771e+00
-1.068200239863373646e+00
-1.062489311891299915e+00
-1.052883098650172489e+00
-1.046708572484494670e+00
-1.037118323742349801e+00
-1.028266804910236809e+00
-1.024648757005685473e+00
-1.020597912558717457e+00
-1.004199349998214919e+00
-9.939219971495751871e-01
-9.841555475601164726e-01
-9.763203555050694593e-01
-9.714684093750651783e-01
-9.638556160924909300e-01
-9.563729686427674404e-01
-9.379772649159880960e-01
-9.307519413266320818e-01
-9.273169261937315166e-01
-9.157767357594078783e-01
-9.094685138909299749e-01
-9.026304730206688998e-01
-8.959619643614399331e-01
-8.890876666508553683e-01
-8.838154150419957888e-01
-8.716673567652407639e-01
-8.650151868752083972e-01
-8.617132177383554081e-01
-8.511279585101536593e-01
-8.426955691615795052e-01
-8.282688252517224070e-01
-8.218466138732223314e-01
-8.166677437680495144e-01
-8.033566787623527272e-01
-7.902636039483640351e-01
-7.815398976329905878e-01
-7.750730511821640745e-01
-7.653090843009612287e-01
-7.586612774011765037e-01
-7.495732146783866678e-01
-7.433172854475822433e-01
-7.256005332607438074e-01
-7.185683744000250783e-01
-7.142642829322698450e-01
-7.041811617932820511e-01
-6.978489578759066170e-01
-6.905795256408592264e-01
-6.777035135348998818e-01
-6.761143822090911470e-01
-6.660468351396768849e-01
-6.613235276656020956e-01
-6.440410012294532915e-01
-6.346334871888088536e-01
-6.295786264842719859e-01
-6.231272325199826989e-01
-6.170623589209001114e-01
-5.970421332072360920e-01
-5.880969357619219018e-01
-5.819448712371955157e-01
-5.756652752188698985e-01
-5.715730358326224225e-01
-5.628261351503794918e-01
-5.468218772363997449e-01
-5.371873645081268744e-01
-5.316695677625389305e-01
-5.261758823005309171e-01
-5.130645594015229571e-01
-5.109671840257603570e-01
-4.989908555561278769e-01
-4.894067555065420572e-01
-4.800368989258473884e-01
-4.751239001424646946e-01
-4.666861671279079471e-01
-4.638749893848265748e-01
-4.577420151715904661e-01
-4.532368883786883629e-01
-4.456348830037463182e-01
-4.402597392657375264e-01
-4.271234437248384586e-01
-4.184199262481084203e-01
-4.171897917229915320e-01
-4.049378737491682867e-01
-4.016020196575869061e-01
-3.909629945711260990e-01
-3.847624816822592941e-01
-3.791115066618305218e-01
-3.605310832015075628e-01
-3.478960207211150291e-01
-3.371218519118895363e-01
-3.304789805585494067e-01
-3.232903276013692762e-01
-3.168912650490771088e-01
-3.087058775793730669e-01
-2.976078729090077535e-01
-2.790999005432384106e-01
-2.700449380375458119e-01
-2.626946575223246816e-01
-2.483478873651497332e-01
-2.415441033142708693e-01
-2.295108570404731929e-01
-2.245879160220335402e-01
-2.176310115134131307e-01
-2.100411891293132993e-01
-2.065367887239120681e-01
-2.022407880064984731e-01
-1.940505087031215159e-01
-1.898234793695399714e-01
-1.835031999110840195e-01
-1.739517145570396994e-01
-1.666421984387677913e-01
-1.649289699145841670e-01
-1.521714497004823530e-01
-1.456312865913178822e-01
-1.394862795627149488e-01
-1.268369777181707903e-01
-1.177537590672921713e-01
-1.114852414134388098e-01
-1.042439102260782346e-01
-9.730685224222961061e-02
-8.815358790516682197e-02
-7.974647996271627681e-02
-7.234755519458652140e-02
-6.890690292377953108e-02
-6.420523599161342965e-02
-5.978394922125027100e-02
-3.712315406027361792e-02
-3.372777264867522773e-02
-2.458609925358361953e-02
-1.751369206964524874e-02
-7.918236121964964541e-03
-1.487551884114087213e-03
8.574000316691084839e-03
1.297089918347670359e-02
2.653860822758824511e-02
2.867720015415472015e-02
3.997497116745780954e-02
4.632653176308050569e-02
5.931565038503304466e-02
6.338200975219410171e-02
6.859009616969918843e-02
7.468912805971322788e-02
8.449157176010924086e-02
9.592147949424204012e-02
1.033951371194403168e-01
1.095750152652426729e-01
1.175908033265914976e-01
1.254855056321383389e-01
1.384138756597075026e-01
1.506853573876691110e-01
1.566264949243600380e-01
1.652208251462338184e-01
1.689249290932860748e-01
1.832726594595896208e-01
1.885007667287574018e-01
1.913006078075823735e-01
1.984953949333506107e-01
2.047107629136088180e-01
2.182536883024170649e-01
2.257213609189927528e-01
2.294653393543456821e-01
2.333149436639059271e-01
2.412674434402762302e-01
2.494830522892146074e-01
2.557566571090433838e-01
2.599319286237737336e-01
2.741869839079938975e-01
2.781062257794845172e-01
2.911684492124235746e-01
2.987330325494441108e-01
3.069653781978786689e-01
3.171655170238141253e-01
3.226756916004618336e-01
3.290256139127141211e-01
3.362982151787665130e-01
3.428050243124161067e-01
3.593215456427764076e-01
3.656130284538852138e-01
3.704776008614819593e-01
3.797662606209120661e-01
3.853097126005552986e-01
3.976050283354335413e-01
3.995702265002764042e-01
4.060205761887915599e-01
4.125851938500439964e-01
4.161496257009142385e-01
4.344458931336034335e-01
4.428557379453816334e-01
4.495751482146026490e-01
4.592718618030051658e-01
4.683142667562634753e-01
4.712970368073243765e-01
4.790016535362862649e-01
4.895167499081984341e-01
4.942865539372160444e-01
5.042733497554816591e-01
5.146659254115106830e-01
5.226169158683574567e-01
5.302156850066350735e-01
5.345305150495507363e-01
5.405565410233568180e-01
5.489271428433722955e-01
5.551117245864908289e-01
5.671809220422016073e-01
5.751548163994780749e-01
5.879439745965854280e-01
5.928257412976862817e-01
6.061524800708283367e-01
6.081496571865756540e-01
6.121027386575490503e-01
6.200179904903282413e-01
6.259894833128988312e-01
6.339661732069991062e-01
6.493546813955176633e-01
6.555934442608065682e-01
6.623857424691856899e-01
6.780861524955311692e-01
6.947895192604650605e-01
7.005290728248203536e-01
7.131917318417079210e-01
7.244572232296971892e-01
7.370950414076279378e-01
7.461808896689843262e-01
7.584103705449236621e-01
7.601398633295496365e-01
7.700739464259057643e-01
7.774388106733847170e-01
7.819597726061435772e-01
7.872312283465556781e-01
7.994599229131489349e-01
8.065556196749964490e-01
8.244404289982415479e-01
8.306834595553119760e-01
8.355139768091791597e-01
8.475229530597331307e-01
8.555594405620895460e-01
8.643318550362537600e-01
8.700461594977497715e-01
8.743357775783426877e-01
8.882111527632416959e-01
8.900203453964128375e-01
8.981345962743455535e-01
9.071512067316885863e-01
9.210345841323671623e-01
9.372147618311181816e-01
9.423189521648465128e-01
9.507967013855016525e-01
9.597920232225954917e-01
9.675765927801697197e-01
9.827304156932584744e-01
9.898630760419239172e-01
9.980901566765941757e-01
1.004292017806348358e+00
1.008502644351430222e+00
1.019573994877347678e+00
1.032974710887664793e+00
1.039018204729113215e+00
1.055460330241253075e+00
1.061417774036424344e+00
1.066262703454304850e+00
1.073676342631938230e+00
1.080082053196284253e+00
1.096269966939771301e+00
1.101621175081386017e+00
1.118065326745687482e+00
1.132916615270473715e+00
1.138307397946017874e+00
1.141893825367828130e+00
1.152472393650389337e+00
1.157274186268011151e+00
1.165004527072357687e+00
1.172797508699893632e+00
1.185684447364380611e+00
1.200770338778276214e+00
1.213069770738819164e+00
1.218877797426821230e+00
1.226930932444383338e+00
1.232904860606967024e+00
1.247624142626193144e+00
1.257951208541135513e+00
1.266340911820488246e+00
1.269816526322077310e+00
1.278451107796183095e+00
1.294315178212416484e+00
1.306706970114695610e+00
1.315291969791068327e+00
1.322785606686748938e+00
1.331618190595768025e+00
1.343946156130485514e+00
1.358821804007531719e+00
1.367238959433995316e+00
1.385823466195655218e+00
1.396698861478268272e+00
1.404425429730500108e+00
1.411086544943671806e+00
1.423927452207027100e+00
1.434393424209574830e+00
1.445078208161029165e+00
1.464127780911323562e+00
1.471848325957104908e+00
1.482338061276042840e+00
1.497903148718871202e+00
1.502794514765328326e+00
1.513767292778863238e+00
1.524916364541148983e+00
1.538816727151745001e+00
1.553254333666123310e+00
1.556720469951650809e+00
1.561763165359937089e+00
1.577150713579268837e+00
1.583397678391097019e+00
1.596879368670950594e+00
1.609807275349068423e+00
1.613225273848469143e+00
1.619951622766877986e+00
1.628676356205567499e+00
1.644239914052676443e+00
1.658703485519583243e+00
1.663102257394487360e+00
1.674593122214225849e+00
1.676952204136793689e+00
1.687575282841561108e+00
1.696496129538371589e+00
1.704268010762189256e+00
1.719714495991309544e+00
1.724660463602771365e+00
1.735696261042200206e+00
1.753912217244951277e+00
1.755532712000977602e+00
1.766330848243105267e+00
1.783391170661762004e+00
1.803651855748990673e+00
1.815008594928307684e+00
1.830445015178715717e+00
1.851591221898750916e+00
1.864143076847875280e+00
1.877778989732301396e+00
1.890868420609667533e+00
1.900007967804452358e+00
1.915159690326374120e+00
1.930846837841639463e+00
1.934048950762093932e+00
1.949374910013724982e+00
1.967346553359482053e+00
1.980134529879880034e+00
1.997348479065460314e+00
2.012325666056960394e+00
2.025407973579322896e+00
2.048544798639207798e+00
2.052736223258770032e+00
2.063509284932512067e+00
2.079080823473901329e+00
2.083645716877682741e+00
2.095851346780570168e+00
2.115939290102943904e+00
2.128600449135197969e+00
2.143637742652113598e+00
2.152525211290525320e+00
2.162496572842303344e+00
2.168796463772048710e+00
2.179416659100480214e+00
2.194764801130796528e+00
2.207714908779111251e+00
2.226986567047182231e+00
2.234040197931340899e+00
2.266460233197181484e+00
2.276979619484675421e+00
2.283388312742958615e+00
2.293825657677611929e+00
2.306116492762517733e+00
2.323000158474220367e+00
2.339169117933398656e+00
2.357992711776338179e+00
2.368215391230780398e+00
2.379533032002807857e+00
2.391148562196770300e+00
2.406985916641470435e+00
2.429060747366336592e+00
2.446116772418698293e+00
2.452885469124233886e+00
2.470759049688927345e+00
2.476303159923962660e+00
2.498654318289793785e+00
2.507362553864958432e+00
2.523348552985754001e+00
2.537097542841155295e+00
2.569813073349691113e+00
2.581006667606513538e+00
2.598598026731459232e+00
2.607949450495987254e+00
2.625465415820581239e+00
2.641642373240427943e+00
2.652397292387065786e+00
2.672011606272267858e+00
2.692597062635539995e+00
2.702744572445450189e+00
2.714446879671113866e+00
2.731919474820026394e+00
2.747713842263299622e+00
2.759248163846172108e+00
2.780676942838793853e+00
2.825649796503965749e+00
2.841990868367564538e+00
2.853172177366277484e+00
2.864116366417271742e+00
2.872641072738648660e+00
2.883731065507415092e+00
2.914965900688438527e+00
2.935556757353185109e+00
2.955194249190661537e+00
2.960133944731862421e+00
2.992023846616253202e+00
3.005417461175825089e+00
3.025353430427844881e+00
3.041998870850071146e+00
3.062608471406912614e+00
3.074291514786088086e+00
3.095948978907896443e+00
3.105236119822141649e+00
3.121366116454515449e+00
3.161079645462849808e+00
3.173952088937252558e+00
3.192895890641571199e+00
3.223525865792684186e+00
3.243385197397727460e+00
3.255398197809152627e+00
3.279295510220353371e+00
3.284672285017869342e+00
3.306500976730892827e+00
3.326380289455369343e+00
3.353012091750303014e+00
3.377847029264065881e+00
3.385153482518494350e+00
3.395179425094387859e+00
3.421557546363882096e+00
3.446208785245949535e+00
3.459027015146391992e+00
3.476143249489565878e+00
3.493043209192149057e+00
3.521036684291037666e+00
3.537425817910236692e+00
3.558028370812460484e+00
3.575183802607859729e+00
3.607332892534077295e+00
3.621488406786485648e+00
3.661898850251730675e+00
3.676219729352618870e+00
3.697091743625585458e+00
3.721992644890219193e+00
3.740004979265546758e+00
3.776645056416568114e+00
3.782943640701463384e+00
3.787244887180693631e+00
3.822980273575639298e+00
3.840943297877932316e+00
3.851662232804563324e+00
3.885222715417846029e+00
3.908256888671873153e+00
3.930688634538173076e+00
3.939951786843197468e+00
3.952351434128428931e+00
3.999554392972684447e+00
4.028500076468870539e+00
4.050871441210518675e+00
4.095444518014713431e+00
4.130649202476237569e+00
4.139938850625101807e+00
4.157222214269752136e+00
4.177846588147494877e+00
4.202102088223595544e+00
4.217682800689058098e+00
4.233134941284185437e+00
4.257256157637698379e+00
4.265254421596610612e+00
4.294080905830568895e+00
4.310402401575687215e+00
4.346321079866381609e+00
4.392554483343682037e+00
4.423136022546270141e+00
4.511142220309003470e+00
4.513330304301908846e+00
4.519414699904729993e+00
4.992387027334041605e+00
