1.500000000000000000e+01
-3.446678812413115800e+00
-3.384145212487078336e+00
-3.380404192103966032e+00
-3.360224792727815046e+00
-3.305074513862785945e+00
-3.290976270224235112e+00
-3.285361080564066949e+00
-3.276949016094701239e+00
-3.263706466533589534e+00
-3.260084613240587181e+00
-3.248810515880448779e+00
-3.238409017577648097e+00
-3.233816009782648049e+00
-3.222432670638759156e+00
-3.216153340788179271e+00
-3.202501253036418749e+00
-3.192924708427519409e+00
-3.168561885624335162e+00
-3.122880515538368762e+00
-3.113413441103130452e+00
-3.095412580931084623e+00
-3.085927543944870788e+00
-3.066361456390465534e+00
-3.049087990606538678e+00
-3.012338867820298915e+00
-2.965405042333627339e+00
-2.910120514879237952e+00
-2.853827828527483845e+00
-2.824765886987538277e+00
-2.804830346927305040e+00
-2.770205074736287632e+00
-2.747340456454431035e+00
-2.734005103582169749e+00
-2.717262165070358559e+00
-2.694294857888541728e+00
-2.676192891980071931e+00
-2.657686120590845302e+00
-2.642852211236120574e+00
-2.628815060806652060e+00
-2.614611863130682945e+00
-2.608166585700953277e+00
-2.582730323484347945e+00
-2.570467043097770965e+00
-2.548034798058990802e+00
-2.521299374788317227e+00
-2.510946640504950977e+00
-2.500969231987432373e+00
-2.485012563513381956e+00
-2.472743378317769913e+00
-2.456154707629439216e+00
-2.428376359069853496e+00
-2.393422081667202050e+00
-2.365799130269277573e+00
-2.325849474616223489e+00
-2.309001549969757594e+00
-2.274490628249701274e+00
-2.246010699676849853e+00
-2.226259478816007054e+00
-2.206269261373518198e+00
-2.192783096173411828e+00
-2.180410648494408132e+00
-2.157752282284621792e+00
-2.148797750041311350e+00
-2.134359209765674059e+00
-2.103692387355190707e+00
-2.094621403437682439e+00
-2.071241315926028559e+00
-2.067127748513216012e+00
-2.058056238519990089e+00
-2.040919640106819699e+00
-2.024313577687412380e+00
-2.002342632812522449e+00
-1.984614708456015286e+00
-1.981739274247995564e+00
-1.956250389183721516e+00
-1.945089030562134891e+00
-1.929536982270896095e+00
-1.920645951079975156e+00
-1.903260538179281314e+00
-1.887354340853482082e+00
-1.872104590812380787e+00
-1.861670522915285453e+00
-1.832703862575578935e+00
-1.817485918102315967e+00
-1.797885303864478868e+00
-1.784297176278219599e+00
-1.755845714254423040e+00
-1.738128988125207774e+00
-1.732314439324578625e+00
-1.711453803664497508e+00
-1.707874116692047473e+00
-1.684211777547280020e+00
-1.673525733142019467e+00
-1.660305044387329065e+00
-1.647338568441752749e+00
-1.628480669891607890e+00
-1.616958386432649997e+00
-1.610596792441976843e+00
-1.598548726357047922e+00
-1.586875020283113891e+00
-1.571979306935056275e+00
-1.558149933048604163e+00
-1.551747096636578727e+00
-1.535769530040412389e+00
-1.504884771025361445e+00
-1.502822592234336785e+00
-1.485114474790066641e+00
-1.465659190355161678e+00
-1.448686725164801903e+00
-1.422282600009135312e+00
-1.416315593446523247e+00
-1.410206381209426318e+00
-1.381900780406376539e+00
-1.372937112689264216e+00
-1.349997849096010505e+00
-1.338287241028924601e+00
-1.326286759816503125e+00
-1.317341425957902379e+00
-1.310812041327468203e+00
-1.298486618416098803e+00
-1.288768811594479091e+00
-1.272276013373928372e+00
-1.266705581817195725e+00
-1.258449853941147278e+00
-1.236368582588694087e+00
-1.223284581023042827e+00
-1.219344032712977866e+00
-1.198563020154600478e+00
-1.183093549145034507e+00
-1.163443625107563051e+00
-1.150497279817565444e+00
-1.138694133076785242e+00
-1.128612602860022518e+00
-1.120403941676112236e+00
-1.114413504657199239e+00
-1.094181380087821731e+00
-1.086282591793941377e+00
-1.077784869161690473e+00
-1.053943939588484424e+00
-1.048720482377873964e+00
-1.029982994680760378e+00
-1.014139510826225665e+00
-1.009042410910672816e+00
-9.872983897504081785e-01
-9.667525306063203816e-01
-9.480414199172770839e-01
-9.404564706452352985e-01
-9.310706277365433658e-01
-9.139326561913836411e-01
-9.055334995209061155e-01
-8.995390113025950596e-01
-8.805176042599297537e-01
-8.722128485714431001e-01
-8.569475304747847799e-01
-8.480245461918332062e-01
-8.332357484089162325e-01
-8.205859941332429575e-01
-8.031336705164809908e-01
-7.949124193617129741e-01
-7.825036947264136789e-01
-7.735766201048135393e-01
-7.564646005293473863e-01
-7.513821935543526509e-01
-7.392203956254946862e-01
-7.274288414580657447e-01
-7.246596793912637446e-01
-7.066877217376974496e-01
-7.000703901220778347e-01
-6.892224884354885006e-01
-6.806535072550878862e-01
-6.660070819128774966e-01
-6.540875727002253281e-01
-6.444969261882564915e-01
-6.349302591126467776e-01
-6.246391718176856900e-01
-6.147470483381526352e-01
-6.097955591387674845e-01
-5.991123558664045445e-01
-5.868159842119567982e-01
-5.714095204475695411e-01
-5.589189232127599327e-01
-5.536989015374583767e-01
-5.455336902324228188e-01
-5.375934112403567555e-01
-5.274141246790725601e-01
-5.195109944821203474e-01
-5.004901450013482522e-01
-4.948127617157230818e-01
-4.824642954707248910e-01
-4.810116864631523992e-01
-4.644357697697354403e-01
-4.472644377558999684e-01
-4.408743718593635674e-01
-4.265094502541819654e-01
-4.199765977329121269e-01
-4.057906403112095939e-01
-3.914962632361249639e-01
-3.871745075496786925e-01
-3.793935957248199542e-01
-3.671705013683144725e-01
-3.596469476643264218e-01
-3.407333651829312360e-01
-3.376502171073851866e-01
-3.278759370242453342e-01
-3.173040916598481309e-01
-3.019382624369833512e-01
-2.981612940180242144e-01
-2.866174606316665430e-01
-2.631998901587287443e-01
-2.609691912483131371e-01
-2.524812944588807340e-01
-2.433635391224125422e-01
-2.368873536067524765e-01
-2.209107339436252038e-01
-2.173641220011423014e-01
-2.045036919609983239e-01
-1.987521109464262248e-01
-1.886638342628393084e-01
-1.770208998047842208e-01
-1.658136840920016730e-01
-1.517528323257418266e-01
-1.484047000528010696e-01
-1.420788973867487537e-01
-1.290212767338937694e-01
-1.217409384614550893e-01
-1.112755588465794976e-01
-1.057592700814488917e-01
-9.207942467174320966e-02
-8.795627377703582606e-02
-8.400758353791921984e-02
-7.906615472207123574e-02
-7.095652638613236807e-02
-5.738427288436682289e-02
-4.474385671528051389e-02
-4.247604239853067232e-02
-3.909998439882572674e-02
-3.078841779611353816e-02
-2.359170191522106177e-02
-1.408279788738167095e-02
-4.336859633880241899e-03
2.714683632920031125e-04
8.366965192144784971e-03
1.486189499189579863e-02
2.518371908639703560e-02
3.368595181131044808e-02
3.710508064927833111e-02
4.713099366635210147e-02
5.631403918979429463e-02
6.202984508938699793e-02
7.177992076352504580e-02
8.022566661085510364e-02
8.566202211930992738e-02
9.131367113488783605e-02
1.026304478099139411e-01
1.060826225576662757e-01
1.205470666471053082e-01
1.290240123670693129e-01
1.412473664900220638e-01
1.450624956540737531e-01
1.525499382904194901e-01
1.648187273922883944e-01
1.698735616346101762e-01
1.776499574887721589e-01
1.837776546640025599e-01
1.896198154647267820e-01
1.936558908291479142e-01
2.012742945150980678e-01
2.068174562362902758e-01
2.130082571490727605e-01
2.188280572169034599e-01
2.214507770377797391e-01
2.279974798672525782e-01
2.428359000351198171e-01
2.478039714693917317e-01
2.523936512290723688e-01
2.592662072449236632e-01
2.684776582981890924e-01
2.723732045453662876e-01
2.816227645584172823e-01
2.892406467290015160e-01
2.975770823888873040e-01
3.038596034822518277e-01
3.085128747563156693e-01
3.134686096252656262e-01
3.171863005904454469e-01
3.266760094301886519e-01
3.338738415717399932e-01
3.380925206966428065e-01
3.437009771621133969e-01
3.489927270483156319e-01
3.555151982201805172e-01
3.598334739120772063e-01
3.654759000042309136e-01
3.750452281760301987e-01
3.833429850594062827e-01
3.891708379851985811e-01
3.923653911811913475e-01
4.004395442185860188e-01
4.040319388431694581e-01
4.133314653630711932e-01
4.220273359621646292e-01
4.275178120930652748e-01
4.334643960340264224e-01
4.402970952239252389e-01
4.500321449129849882e-01
4.545655881334170756e-01
4.600289829326427715e-01
4.636664961685348363e-01
4.703814234642605396e-01
4.734888065316525396e-01
4.786311442214465917e-01
4.916214816845645985e-01
4.950473790677994979e-01
5.066707213906019858e-01
5.091550115529704934e-01
5.119122175608010750e-01
5.231946825420429326e-01
5.338555228018647680e-01
5.365285968786576154e-01
5.505277311892018410e-01
5.562931326144158195e-01
5.599474931519218268e-01
5.640514758021677455e-01
5.718897039267426541e-01
5.759580734898367416e-01
5.790352979073869477e-01
5.866910602867826396e-01
5.968666244235549811e-01
6.065178507880093495e-01
6.139900065593091316e-01
6.209596419057248351e-01
6.244949994206476784e-01
6.311767445773007745e-01
6.341689213990540086e-01
6.371725548362061620e-01
6.451294959537334783e-01
6.559490700503743943e-01
6.640451036443587585e-01
6.718755643427463120e-01
6.789700861395272513e-01
6.864267152186481757e-01
6.884394072266931675e-01
6.977207993842281519e-01
7.015199878197003747e-01
7.098620953441859838e-01
7.180793417432268511e-01
7.277089317978420180e-01
7.299962067730114690e-01
7.424939656422060441e-01
7.503021842614102654e-01
7.538661610599878271e-01
7.598557073592755451e-01
7.668743471040817550e-01
7.727088291717754132e-01
7.771663133540004376e-01
7.810887208862474784e-01
7.887528717848399928e-01
7.965955317194663987e-01
8.074234567302545074e-01
8.133548294672031664e-01
8.177214184438716948e-01
8.253699044782331073e-01
8.298200422334995885e-01
8.327918507642588786e-01
8.388422887614844781e-01
8.493231832695741224e-01
8.576999721712160740e-01
8.621814810706665000e-01
8.685851825619878008e-01
8.725639175839924322e-01
8.766638777476030153e-01
8.853350046810265495e-01
8.968288215472368652e-01
9.028291712789043855e-01
9.101675912585118766e-01
9.130778647713796436e-01
9.190996387666892087e-01
9.280440342037932222e-01
9.347853891059973996e-01
9.387165809160310515e-01
9.494163818430514379e-01
9.540520693480666337e-01
9.582675913619995711e-01
9.640751991974939594e-01
9.673368823732880761e-01
9.760233339251720430e-01
9.789046174747569884e-01
9.867513305604703744e-01
9.981036077964876574e-01
1.005777927074062550e+00
1.010736848262655974e+00
1.019814984615854403e+00
1.023881790484847620e+00
1.031823412237439452e+00
1.039548410456201388e+00
1.042357487913213587e+00
1.046825629934486912e+00
1.057358037080453173e+00
1.066709188674175079e+00
1.072735783257610320e+00
1.083226226076461352e+00
1.087983936258565709e+00
1.093947947779678076e+00
1.104714660944748239e+00
1.107459666751631433e+00
1.112303631727306952e+00
1.124142084123538998e+00
1.141951176885692476e+00
1.145775268212152698e+00
1.151254213627782574e+00
1.158930215266968711e+00
1.169723636602163941e+00
1.176633477043783849e+00
1.192023772496752620e+00
1.197486277297999502e+00
1.200928052540561453e+00
1.210725851614498083e+00
1.214209494203113415e+00
1.222266424310263222e+00
1.228493849804407345e+00
1.235943858479041202e+00
1.238769107399733116e+00
1.244583309001293880e+00
1.252001941601134316e+00
1.255323877652753328e+00
1.257535433610016185e+00
1.266982385047792148e+00
1.274037778348348304e+00
1.279199805002504631e+00
1.293981806684280311e+00
1.296152068810656921e+00
1.313316843821525914e+00
1.325443114725392668e+00
1.335871358107475482e+00
1.347641487256908688e+00
1.354131225600065491e+00
1.359243002578686577e+00
1.366228835402723663e+00
1.372426361013717289e+00
1.379400559480254973e+00
1.392017418462681677e+00
1.396323363914220961e+00
1.404473636897619837e+00
1.413404666582388725e+00
1.419880809989624515e+00
1.430648988435931024e+00
1.441195565588922367e+00
1.448471525341057164e+00
1.463166249910294203e+00
1.466016188195540249e+00
1.474467665029270291e+00
1.479959367835672168e+00
1.489017550501480880e+00
1.496599842074828990e+00
1.503506904641527253e+00
1.509753081083719417e+00
1.515617875498203482e+00
1.523154507706855787e+00
1.531272760651733789e+00
1.541912271321401739e+00
1.550544468168928658e+00
1.556155750570742846e+00
1.559601567773853725e+00
1.568216176208030888e+00
1.582640613709346056e+00
1.593881564017126662e+00
1.605516215019728410e+00
1.610490359618015788e+00
1.618162367619590869e+00
1.627083291541671528e+00
1.633804477758676876e+00
1.642956839082010401e+00
1.651284181502068016e+00
1.668508872448322355e+00
1.678423842584058745e+00
1.682017100945960353e+00
1.687420822023180111e+00
1.695877403223427393e+00
1.700959807669187862e+00
1.713971307772755859e+00
1.721861865172885864e+00
1.733844133561060596e+00
1.735040968245024962e+00
1.749755749463556720e+00
1.752308003724892371e+00
1.760792152529914834e+00
1.774846818435733331e+00
1.783956491025783908e+00
1.793699220893768986e+00
1.806692490469444135e+00
1.818614417924991233e+00
1.833927778623528182e+00
1.838635736130001419e+00
1.852078622635294991e+00
1.861840943840687768e+00
1.871023898897308024e+00
1.881831932732057844e+00
1.895386584068019520e+00
1.901818119005569407e+00
1.912583380646000863e+00
1.927465296465235900e+00
1.933331876593392895e+00
1.950576535645902831e+00
1.957331487365147948e+00
1.961690482529916180e+00
1.975576225817730958e+00
1.983042867341987092e+00
1.999942277554026537e+00
2.005330971527635953e+00
2.018808803002773544e+00
2.023657372147998235e+00
2.038042650867666783e+00
2.047303277838822932e+00
2.055603031973228578e+00
2.064247437134322016e+00
2.073049717382609458e+00
2.080795531995760506e+00
2.089297318418485538e+00
2.100482662417693547e+00
2.107295372149749824e+00
2.134760839848302894e+00
2.138820277190552677e+00
2.146165803250558390e+00
2.162578897720550231e+00
2.167877270468643314e+00
2.177640500209278684e+00
2.187058330201647305e+00
2.192436203204054745e+00
2.208400088449008258e+00
2.231970092069491152e+00
2.239974235863953833e+00
2.254666260504722963e+00
2.266872650685961332e+00
2.277485535462180355e+00
2.288631006729138662e+00
2.299397161208132090e+00
2.303156079666754508e+00
2.315288036494743906e+00
2.322609022949623458e+00
2.333067506301177652e+00
2.338670257866810154e+00
2.357357107233179594e+00
2.372702394321515307e+00
2.383646259791050159e+00
2.392150858095835275e+00
2.407005318547813744e+00
2.414166902073834553e+00
2.430003448418131207e+00
2.442709095365596106e+00
2.447911562364526450e+00
2.464064099755507886e+00
2.469459577190764143e+00
2.481021115404427491e+00
2.496940385842632448e+00
2.505996058722807618e+00
2.522555218437120050e+00
2.527755299750114926e+00
2.533206710006811413e+00
2.544074306115148509e+00
2.566470996776810232e+00
2.593886886725965457e+00
2.609632062712313072e+00
2.622645639415761121e+00
2.636105367057252291e+00
2.646709418629194843e+00
2.660028500579359356e+00
2.668209298327052004e+00
2.682098485680812328e+00
2.701340639535451782e+00
2.715441966133160800e+00
2.722114029388242429e+00
2.736591766218449351e+00
2.745799140326266041e+00
2.765210840537879466e+00
2.773494255390999363e+00
2.779235097525766918e+00
2.799573209894350878e+00
2.815994071831600998e+00
2.826895536343689841e+00
2.834689543430360725e+00
2.852169680706600818e+00
2.859975296924015087e+00
2.884422546959078737e+00
2.899592867966160004e+00
2.917208180814656160e+00
2.928230095325782933e+00
2.937899534260515200e+00
2.950736120994827960e+00
2.957924697449887841e+00
2.986608612186221201e+00
2.994412074719788652e+00
3.006874273961269495e+00
3.020581750700474188e+00
3.043395549496050290e+00
3.047789970612221566e+00
3.069346962014425806e+00
3.077679723039856707e+00
3.091945461240110937e+00
3.112196969991689599e+00
3.139029848539903966e+00
3.150496691278579231e+00
3.158134188156548117e+00
3.167260912586491894e+00
3.193375914946818384e+00
3.203467447287493997e+00
3.217627445987392143e+00
3.223350100675951513e+00
3.244030468932315614e+00
3.255601250823136006e+00
3.273204607888308360e+00
3.287757319062426742e+00
3.305824752008806211e+00
3.322847603862588706e+00
3.340979717297166030e+00
3.358166812309901328e+00
3.378619103097802334e+00
3.396076410779683030e+00
3.404569332362402889e+00
3.429693012155386356e+00
3.444473674817497333e+00
3.463644277402335270e+00
3.485875635258120386e+00
3.500520375566282816e+00
3.524014323913791991e+00
3.529126606493153240e+00
3.554704763961598513e+00
3.567687047222463548e+00
3.587356804390803955e+00
3.604991835094625952e+00
3.627962560856885510e+00
3.636925822674519360e+00
3.654633892190260802e+00
3.663514188165765795e+00
3.687878376842168127e+00
3.704075924340473058e+00
3.719067954536971143e+00
3.731254006095126918e+00
3.752117517365531452e+00
3.773333812951868538e+00
3.782605817770550605e+00
3.809023026456396011e+00
3.816075466490965518e+00
3.839811577666424558e+00
3.854471293884353056e+00
3.865675172420004024e+00
3.897079679623545179e+00
3.913555005370631168e+00
3.926353263365761848e+00
3.959352260019825653e+00
3.983977369879126318e+00
4.003357479361314475e+00
4.028769953280816551e+00
4.051172695850913108e+00
4.059052324788769539e+00
4.085684191164200563e+00
4.095326813793891851e+00
4.125871153267460123e+00
4.141621347493613214e+00
4.155823558455926658e+00
4.168951598098331601e+00
4.194422449526206798e+00
4.222151200458331921e+00
4.236244880546744085e+00
4.248114522559666817e+00
4.277214354657711048e+00
4.286192361456004463e+00
4.314946544143878349e+00
4.323640185316796725e+00
4.330682071390428156e+00
4.369905808054316942e+00
4.377593298035797886e+00
4.405826146889335604e+00
4.428281807935658065e+00
4.454677731359796056e+00
4.493222976481267672e+00
4.522920620276458692e+00
4.546792834918601756e+00
4.582904138207632982e+00
4.616510021720499957e+00
4.642171834546543252e+00
4.671965603913063703e+00
4.699336955343041744e+00
4.718072350127390457e+00
4.725130062996979241e+00
4.737398859145955043e+00
4.748828666647094465e+00
4.756758647916804250e+00
4.767905738482399514e+00
4.789347038851222926e+00
4.839489862276603382e+00
4.842544668854117162e+00
4.858949882303263301e+00
4.875405766400636054e+00
4.899080351291931201e+00
4.934216295237593641e+00
4.942349959247091640e+00
4.953648401829448211e+00
4.984921253776254169e+00
5.079281694623543508e+00
5.094931178981341624e+00
5.441103887066446099e+00
