1.018746506170722932e-01
-1.606012951206429729e-01
7.689968248090257863e-02
-1.505613697659573258e-01
7.057997867063008079e-02
4.277302229828539026e-02
6.612092877679795477e-02
-5.749519649744980199e-02
5.957909921504733752e-02
-1.310534460920292354e-01
1.494261947979542982e-01
1.590836853214514998e-02
-6.577588089939574723e-02
-8.352165216657997382e-02
3.519083512800942615e-02
8.547457255011679800e-02
-3.830056240941772522e-02
-3.361498154086672852e-02
-4.709765766794016609e-03
1.280364684515714058e-01
-5.729102821096238030e-02
-1.061060035918142200e-02
-1.955480019424252758e-01
-5.021574750208457338e-02
1.384356063718162611e-01
-2.602510033057236008e-02
1.709018009752177533e-02
4.109566929749892267e-02
-8.631746715427791872e-02
9.645403842506095060e-02
-8.468089701379098722e-02
4.506984753708294898e-03
-1.150544556284899544e-01
-3.193353851690636236e-02
-5.399018349453723470e-02
-8.296884151201668056e-02
-4.960421000578500716e-02
-2.400698234689104330e-02
6.995186054706502288e-02
2.003194092557000500e-03
2.699722732044533904e-02
-1.034226118173064007e-01
4.071594013194867329e-02
-1.235794586128831918e-01
-1.385551802304355040e-02
-9.528754369982699382e-03
7.482533476770451830e-02
4.584537121900744347e-03
8.968734580939015377e-02
4.008862193565900477e-03
8.642807228148281784e-02
5.985586407412503418e-02
8.049119087962221253e-02
5.908113856611427184e-03
4.751359491745735242e-02
1.695986748498045033e-03
-1.413839872214383946e-02
8.247599124854130062e-03
6.869456639200437198e-02
-2.705493686121170430e-02
1.899366984940439596e-01
-1.053256163819880215e-03
6.065686602801567684e-02
-2.312374962865157771e-02
5.226534972500091608e-02
-6.808544064010513264e-02
-2.535076740624008776e-04
1.464873679114565147e-02
5.355307786955381538e-02
-4.433026556770749277e-02
8.764058434616993354e-02
1.469708428870067363e-01
-9.087690103549227183e-02
1.022019699069454945e-01
3.503368316501839774e-02
1.360848990980602531e-02
-2.412117185468913572e-02
7.975348549323672820e-02
-7.786400946513322152e-02
-1.600532261187183058e-01
3.102452522507827271e-02
5.597011272415674393e-02
-2.610220863930659552e-02
-4.828166521636170078e-02
4.771291178302219244e-02
-2.352994856668585294e-02
1.762150234003232591e-02
5.339172532315910463e-02
-4.703289150480369218e-02
3.367645325576356513e-03
4.686042893617633348e-02
-2.143906155276088452e-02
-2.461520613542966807e-02
6.870810057740106558e-02
-1.961566113374107745e-01
1.064287451381199130e-02
1.729694596079112481e-02
-1.453337164772871282e-01
5.280987501789902866e-02
1.127661042090971899e-01
3.985475606635445478e-02
6.328709164003805399e-02
-2.011966719644326176e-02
-1.647918373055566876e-01
2.890187830660496254e-02
-6.861900607212198522e-02
-5.203173489259167034e-02
4.911165768427498690e-02
-5.314610126124146017e-02
6.716733027067615415e-03
-6.573301347300935550e-03
1.087670227125974408e-02
-6.040266137916387029e-02
-3.508153553058580149e-02
-2.443030194606212336e-03
-1.152406546083101085e-01
-1.183010923949883442e-01
-6.790471003326839505e-02
9.363909971716259661e-02
4.040057025494411119e-02
1.630550555599807189e-02
-9.350321600621054607e-02
-8.901574000292439282e-02
-1.618701858469848431e-01
-6.169480467478876545e-02
3.382128191232503661e-02
7.475350221692633745e-02
-5.083889657687506308e-02
1.129439665717379415e-01
1.190286466296749113e-01
-1.899568077896794660e-02
1.365386208659324363e-01
3.511541920608936274e-02
4.244262001602644397e-04
-6.707762578073421522e-02
6.582012571597867234e-02
-2.936676531840750476e-02
3.042341099539450089e-02
4.494550910985777026e-02
6.065249458601634086e-02
1.220509276521413167e-01
1.505977621877410966e-01
1.191586327727583907e-03
8.604190040397320660e-02
-6.388600776476706378e-02
-4.221313003611667364e-02
4.297082650785432473e-02
-4.898052822483951046e-02
4.503811842980297298e-02
2.973673462313659865e-02
1.453962244616712196e-01
1.044938631308785781e-01
-7.513952466636450445e-02
-5.201864976264303220e-02
1.512294487399361009e-01
3.582683279712200151e-03
-1.103957292645800919e-01
-9.509709674011222746e-02
2.092000837725738541e-02
-1.202787806544427657e-01
7.194053206839512438e-02
1.776589065404758361e-01
1.815137937041109151e-01
-4.207049977351390302e-02
6.866835091333015062e-02
1.173598098520264449e-01
-4.542737050260274058e-03
3.953322858574664228e-02
1.989768805921633341e-02
1.017140634670270632e-01
9.947836537592445738e-02
5.661750258732187874e-02
-9.226860378436477217e-02
3.259420353514866364e-02
7.589231285720419995e-02
-1.149149999634148378e-01
-6.951707314210721356e-02
8.004464962117675830e-02
-8.525188509362505163e-02
1.899629014480520503e-02
5.144317785071228499e-02
1.849009982014234721e-01
8.784895850043203391e-03
-1.001466740154317442e-01
2.134917088946188327e-02
-3.444498655194243308e-03
7.146421317059739597e-02
6.236351635584700542e-02
9.786287887363348537e-02
-1.026024344433508761e-01
-2.872488253441640715e-02
-8.514838314509300121e-02
8.879253353021551720e-02
3.788643982689122308e-02
-8.106478780935565858e-04
-2.097495548918590271e-03
-8.935478988421054203e-02
1.140975965970787848e-01
1.366463506616368007e-01
3.205203307924921197e-02
-5.057976588009251151e-02
2.590167062464293277e-02
8.402784238837482378e-02
-1.412365250499491576e-01
-1.097676884553351329e-01
-6.475251290638377177e-02
1.972374396343135397e-02
-3.030154649799232398e-03
1.335061283344872729e-01
2.190269897932865459e-02
-2.408242014156403848e-02
4.734124261248034288e-02
6.407922485239966881e-02
7.061253894877514425e-02
5.068393890610695812e-02
-8.082789196640674523e-02
-6.147777267981033994e-02
-7.782609669995915747e-02
6.269528920763196844e-02
8.718879390958655939e-02
6.064819955316387567e-02
-1.102655375753072986e-01
8.411069055571361586e-02
-4.146619196269258484e-02
-1.352010468174852931e-01
2.039142944903421864e-02
3.273210524866059651e-02
-5.250963662236880769e-02
9.205972569435230679e-02
3.842754488479458580e-02
-5.445498135038252113e-02
1.147595049643278936e-01
2.829847765077650457e-02
-3.916533050744896299e-02
-4.662611990682793278e-02
-1.873255088683495884e-01
-3.908455801321932335e-03
-3.301042650152537228e-02
-1.455532030165149204e-02
-4.296249969220674453e-03
1.368661686749406137e-01
-7.030433013598198777e-02
-1.311557335828891085e-02
-7.565364600585684773e-02
9.793696869945556216e-02
-1.959914579480419999e-02
2.180346870694916395e-01
-1.158504835184541795e-02
1.014220734509794497e-01
6.079140322306023254e-03
4.841849656129240675e-02
1.616951185524994478e-02
-7.981207192706137044e-02
-5.634175774622119520e-02
1.247159445740119235e-02
1.669468986232213736e-01
1.847156097123522911e-02
4.379131329527725242e-02
-1.521581915563588287e-02
4.861584472382129464e-03
-8.389629744799316502e-02
-1.251499663118945671e-01
-1.135426636697657449e-01
-2.261592134419146416e-02
-1.534581293977533255e-02
7.738742593638918421e-02
-9.891980037991316560e-03
-5.502271593927864773e-02
2.238692775168270588e-01
8.847710930574569088e-02
-2.494586504016009509e-02
-8.270562530193871498e-02
1.032850457432696462e-01
1.661085689033977414e-04
8.306517272913702121e-02
-2.001642983983469709e-02
-1.939869236148761833e-01
6.485020382749476231e-02
-4.114817883335409460e-02
-9.128495074319317726e-02
-4.241164727976558940e-02
5.609113456082966132e-02
-9.488406156515068191e-02
-9.550924538786484744e-03
6.288970729556733232e-03
-2.221996643851305298e-02
9.658004218259022555e-02
-7.204710024823784975e-02
9.036163762183484216e-02
3.507345459972932566e-02
-1.173868715454181172e-01
-7.705744518246443464e-02
-6.192627205184066119e-02
-1.800189992892253441e-02
5.004617692010612795e-02
-3.290674949363227297e-02
-9.851486402736635284e-02
9.855173018425179843e-02
-5.301613588727180229e-04
3.650547065049610657e-02
-5.814899655768628051e-02
2.356349962807012879e-02
1.464814982085662631e-01
7.002071399109377481e-02
-1.145505543751424533e-03
-4.471629932543867182e-03
6.608256835244380456e-02
3.652242623623880996e-02
-6.849207108809135525e-02
1.668493612516167013e-01
-6.927922442715196694e-02
4.938792660806981538e-02
-1.156767767573541883e-01
4.826792757580354587e-02
7.128064567414478178e-03
1.305899387968022518e-01
-9.154873128402846172e-02
-1.425390986690010797e-01
3.096058466173791032e-02
4.547238970476932818e-02
2.492643766385669452e-02
2.370785966441042378e-02
-3.253051517860511971e-02
5.554870738322631452e-02
-1.527857591885887212e-01
3.661580464352361119e-02
8.294086468395782397e-02
1.619062325025922081e-02
-6.127202568392460524e-02
1.138981362672070730e-01
2.133737281892258697e-01
1.337014791161803863e-02
2.061148947137942528e-02
1.279705567874971257e-02
-1.273020845118461551e-02
-1.335433666906616357e-01
1.229081375779566068e-02
5.482224155875868588e-02
-2.229572307063693373e-02
-7.417226882725549975e-02
4.222771472960071965e-02
2.077444035671640113e-02
1.483170400067128358e-01
8.456617286076932583e-02
-1.143220081780313424e-01
-5.011136537170748223e-02
1.975861290952906912e-01
7.893842246669156848e-02
1.280091689369050600e-02
7.479481233764592729e-02
3.702909972533512811e-02
-7.472775501903503037e-02
-9.510024808808975605e-02
1.848544608858480320e-01
-5.240519560072495059e-02
8.844551491668847798e-02
-2.229011368233587559e-02
-7.138190067895877622e-02
-4.773870392947644758e-02
7.223471592747242320e-02
7.525679695584202612e-03
-1.104744438575138016e-01
5.986986767059148534e-02
-6.347074920112832919e-02
3.823491906134865448e-02
3.053301357109007227e-02
-3.866026636678495526e-02
-9.007169358913581780e-02
1.190677357222418714e-02
8.578673929628774508e-02
1.255343285896117489e-01
5.439371009347114538e-02
-6.530012377249884946e-03
1.402130445790915059e-01
1.441072251896935164e-01
3.285238270478973207e-03
-1.602506429178390257e-01
6.213229456570214942e-02
1.387445527217711361e-01
-1.026196294172152246e-01
1.962343790670782184e-01
6.671358980398429950e-02
-1.077580256162132266e-01
-1.852440960820296925e-02
-1.523932657870713699e-02
-2.710388350998454293e-02
1.352984921975062815e-01
1.028876889478105155e-01
1.773213338881095627e-02
-3.901902532395223194e-02
7.553558185830600014e-02
-2.021450278922430274e-02
3.392164710955444806e-02
4.859431924235623618e-02
1.648252351797434012e-01
-6.138852012641793365e-02
1.617955005325022108e-02
8.471161633502069521e-02
-5.155978355163837873e-02
-1.996627848388532120e-02
1.279311688050968968e-02
4.380122153886570335e-02
-2.087846374641645977e-02
6.430522441459719796e-02
3.998580256481528566e-02
2.764608656801699135e-02
1.201645336006518933e-01
1.406685297590591077e-01
1.618339955217899528e-01
-4.877489303369424850e-02
-1.339046372334148916e-01
-6.871291966674837604e-02
-1.582666694760410386e-01
3.436551888406782357e-02
-1.104193263004401085e-02
-6.220116617194439840e-02
1.826483390502838533e-01
-1.715944799259897791e-01
-5.217287057268397282e-02
-1.020743235907889540e-01
5.585366271641620250e-02
-7.100920064700774748e-02
6.250110185879603937e-03
4.227577782446342858e-02
1.813641963657624742e-02
2.181143313058467662e-02
7.595689784483175555e-02
-1.202765253577737885e-02
-1.582019806071546242e-01
-9.492299295384719338e-02
-2.132182195096014518e-02
3.614465048578306174e-03
-8.934631692870155517e-02
1.581944011838970487e-01
5.516095955514432880e-02
7.434961449057179983e-02
3.049384808901423050e-02
-1.872681175930801523e-01
8.031753388328700949e-02
-6.431162992925833384e-03
-2.354532797207774947e-02
-1.404511202229912215e-01
-9.079367438711080651e-02
1.020432168823416919e-01
5.858649937329094698e-02
-1.051014655071496641e-02
-2.277894427348663500e-02
1.902391658880805969e-02
4.241256027725612970e-02
4.145180916926818893e-02
1.673373851356370692e-02
-1.001171744333896330e-01
4.741391949668990330e-02
-1.901777228699089162e-02
1.670706875587645718e-02
-4.362897757541404214e-02
-1.269801951310617523e-02
6.487948115111095981e-02
-4.275522159120492133e-02
2.567836125735629971e-02
9.284491129862362802e-02
-1.041308526423313646e-01
4.193462648107525864e-02
4.128443700574244146e-02
-4.890615102381883419e-03
-1.999456357735634460e-01
1.201549896062353157e-01
-1.638324870412640466e-01
-1.136877068648779743e-01
-5.583062622388436369e-02
-1.197935935216747592e-02
4.037727179681885326e-02
-1.364448807314573853e-01
-6.883439770306749861e-02
7.047912550251601849e-02
8.792406037473061986e-02
5.471697260723450140e-02
2.109426806342965671e-02
-6.682359219429181985e-03
9.691855423483113074e-02
-1.577481191673900662e-01
1.820584625789547703e-02
-9.694571009398250672e-02
6.033192676749430522e-02
-4.575220455021584282e-02
5.581332692862189110e-02
-2.811337532887879520e-02
-3.663212170151354530e-02
5.571517128382529049e-02
-7.134335716406334238e-02
-1.897377232788088073e-03
-1.505823628544940007e-01
-1.233049756842536163e-02
1.313801971894115045e-02
-1.175105005236004585e-01
3.271796704902915631e-02
-1.228002021674887145e-01
-2.845424660195299341e-02
-1.080599623005989163e-01
6.744055706732286770e-02
4.778754679666014776e-02
-1.309381874321756678e-01
-4.377902583153965577e-02
5.624275066489867192e-02
-1.760885022426207170e-03
4.279964260538188930e-02
-1.283446939070098658e-01
2.113826869377230799e-01
1.026034155957682575e-01
1.329269170217106388e-01
-1.444469354421539231e-01
4.698897957484648308e-02
-2.469920668577934436e-02
8.453773421243965247e-02
-1.165142162922108288e-01
3.329364347208080971e-02
-1.577869774382203646e-02
-1.196736735582968197e-01
1.522065151722472656e-02
1.617734654376382919e-01
-9.486492027344664568e-02
1.070690532305348802e-01
-1.893630613171050914e-01
8.873063441225860493e-02
1.714683370704116749e-01
8.201922867505391512e-02
1.485736953948400552e-01
-1.507181924050809280e-02
-6.021860676968835563e-02
-6.785936682102550188e-02
-8.757726356128389678e-02
2.130018419508832375e-02
2.864427716611622765e-02
2.906905380113009377e-02
-4.262752257867610806e-02
-2.492940799018655493e-02
7.413025149286500692e-02
1.496542564101176753e-01
-2.432734733092940804e-02
-1.412719950992759321e-01
-2.955176279496602929e-02
6.953025937447769589e-02
9.610249745704223592e-03
9.034569693920524447e-02
5.111177982249099500e-02
-1.821059116696559579e-02
9.626127190630027336e-03
1.093863440554320304e-01
-1.446709449562756100e-01
-1.962580307886615735e-03
-2.021232380715106552e-02
-2.532748793026988188e-01
3.362141622383283540e-02
8.806117400184886035e-02
-4.303946425074915011e-02
1.820035956618431539e-01
-2.001553808062205703e-02
-2.987508701264894942e-02
2.207234209466300140e-02
-1.234801802466053838e-01
8.924954037218299496e-02
-1.857341832429723616e-02
4.863714096827094838e-03
2.791563613685074316e-02
2.462993636565862995e-02
2.561352777117301138e-02
8.261605908098214324e-02
-4.743839010989633204e-02
5.660954894455217518e-02
-1.702950915439715995e-02
1.288409246948874487e-01
7.588098993874678455e-02
1.815841030279383150e-01
-4.510141179927739524e-02
1.821482236358674608e-02
2.085786622774056520e-02
-8.936831657489864578e-02
1.294689261624765164e-01
-6.430081456347452873e-02
1.014428790848282136e-01
-2.046008149747272423e-02
6.163552032760401950e-02
7.442079009900114117e-02
4.795316615055093823e-02
8.040733701114435861e-02
2.232243514811312144e-03
1.159719505787269872e-01
-3.939303993375552204e-02
-5.079368844737168487e-02
-1.945812542581380061e-02
-3.917420855328021534e-02
2.187520463586855105e-02
1.901603247772521918e-02
8.064570003316803848e-02
-1.180309608323976689e-01
-1.117833985336429553e-01
-2.056775217614736917e-02
-3.548493001116971579e-02
9.546256360595094942e-03
-8.887069585271081817e-02
1.511290726687476195e-02
-1.683928942761419092e-02
2.574051720717495609e-03
1.223468679566957346e-01
-2.474421591443062146e-03
9.406391205971333103e-02
-1.003882915511320334e-01
-1.784551401491688699e-02
8.711672098760798316e-03
6.631511025104110113e-02
-7.844051306453998784e-02
3.508168755454536131e-02
1.018386767391418757e-01
5.436856029239719307e-02
-8.554158122583281620e-02
3.324132339047921464e-02
8.309086066039117480e-02
4.640789870219050317e-02
-5.079923936473451640e-02
5.642559515263965292e-02
3.081408972376431174e-02
1.191711754673304910e-02
-4.699659703372780634e-02
-1.101205337763473853e-02
1.192175937974709610e-01
-5.976198794377209252e-03
-1.762761970844849493e-02
1.853946426540398207e-02
3.190295565393777566e-02
3.022334454919732918e-02
3.470366655204535494e-02
-4.930676050302103958e-02
-1.651565861154367654e-01
-1.537554967523950544e-02
-7.225097212252755419e-02
5.616153121550124250e-02
4.702731198874390145e-02
8.755620408777070596e-02
1.680773354193566271e-01
2.092113710626075651e-01
7.398516103818801593e-02
1.421433450151885491e-01
-2.179683454715179713e-01
8.075844924703219532e-05
2.159896535090061534e-02
4.223688232334535386e-02
5.772050711066140788e-03
3.559780504825617309e-02
-8.212752976575400654e-02
4.134895551612614850e-02
-3.790310324384380675e-02
-1.183386194994912183e-01
3.370482202105842123e-02
-2.024931675963109745e-02
1.059032445957262397e-01
-1.412304227095960707e-01
-5.069931465443774238e-02
1.178818815834053665e-02
2.109645134431804847e-02
-2.290799097590634145e-02
-5.144151961092469083e-02
6.275276867745913090e-02
-2.476495994623650887e-02
1.837228567394961348e-02
4.224952138858277008e-03
-9.691481510757446460e-02
2.199446887610975038e-02
7.751840808260578031e-02
8.950952369440122458e-02
-2.235338524365239679e-02
2.871516429034409387e-02
-1.879841420615605690e-02
1.775360935795510658e-02
3.584778452874609611e-02
7.316645823352418976e-02
-6.270605889368958963e-02
1.208092955174412259e-01
2.406309543334556045e-02
-2.717297001242589480e-02
1.402143311115432341e-02
1.953969164173380568e-01
1.081015359160618708e-02
-1.213482929344127520e-01
-4.720961875571672017e-02
-2.483680721411447162e-02
1.913949711414012628e-02
-1.155311835377230423e-01
1.097207323252373003e-02
-1.568710922427589676e-03
