3.234047284330426320e-01
-3.388653963523406420e-01
-4.940407946518027282e-01
-1.111736268738173772e+00
-4.384606694190004705e-01
1.078084490176208637e-01
5.456000276118925241e-01
-1.473531745387116620e-01
-6.993434087798637566e-02
8.246059970364459923e-01
-7.002355208866062330e-01
2.307103995723737422e-02
-2.509873671965762720e-01
1.483595668752669683e-01
1.195349635040004153e-02
-2.350532125063649613e-01
1.479632510338643625e+00
1.911869116963647863e-01
-4.748723029642782922e-01
-4.360786262911207634e-01
1.089598554101941785e-01
5.231461507544161726e-01
-3.082259877564854506e-02
6.536305122520403854e-01
2.851533014322654713e-01
2.160579753188312246e-01
-1.018144666719634078e-01
-2.261862055677328065e-01
-5.914522018991416052e-01
-7.163771070706810296e-01
6.639110130435457724e-02
3.717102873161622911e-01
-1.524197243430317483e-01
-1.039002997778673443e+00
7.953389317341020837e-01
5.042089888688370269e-01
1.230853435441829347e-01
4.846086856437552548e-01
2.228286859572471690e-01
-6.763906462459524649e-01
1.893587334240450504e-01
9.779919299733841331e-01
3.959718572712767060e-01
4.662791108327390965e-01
3.685718069208658854e-01
-4.642538474939459370e-01
2.044135812214433190e-01
-2.073535585394007674e-01
-2.003929835674035653e-01
6.977271469295187600e-01
-4.146085584558876769e-01
-9.275024592520717537e-01
6.316410818193289867e-01
5.153595100374459559e-01
-1.160577515401422233e-01
-3.615219675544467659e-01
3.536940834168786907e-01
-4.991806571662826264e-01
1.592413522907464019e-01
2.933404710819348393e-01
5.790871053808500646e-01
-2.068335929415262286e-01
6.852289596455057863e-01
1.440099735328058128e-01
2.073760017307887671e-01
3.381169952418642266e-01
3.653241581508508973e-01
1.072766426895981118e+00
-3.837421629848652427e-01
-1.554846054628503949e-01
-5.665829259315049438e-01
-5.378473187332139666e-02
1.268978488446902142e-01
3.178014940693497936e-02
-6.908783303759516992e-01
1.742259630717573129e-02
4.319024886761683169e-01
-4.406353427960155167e-01
8.273257458688251242e-01
-5.886168032429125313e-02
6.869883048566171047e-01
-3.644677556456152323e-01
-6.198662825952774152e-02
2.157495944654715114e-01
5.258043683027258108e-02
-4.434103536861352390e-01
4.180965336584497316e-01
-3.804807591717465631e-01
5.381175626980557736e-01
-3.842673606714511747e-01
-5.046673446878482405e-01
6.665129483272431710e-01
-3.967693115850605134e-01
-1.617843677657636869e-01
1.279967035583979396e+00
-4.445099817144091414e-01
7.449935795888980028e-01
-3.231489571959642038e-01
-1.274416883856323290e-01
-1.398787441769983597e-01
9.752451890383235789e-01
3.248505163969216819e-02
3.556656178764212584e-01
1.310464989314315543e-01
-7.154005641609806343e-01
-3.414418534583306131e-01
3.134026941483150086e-01
-2.278305853224356914e-01
-6.418767870423545130e-01
-6.224972530628298806e-01
8.026321483886028618e-01
1.009519400545568768e+00
-8.875768006151211198e-01
-3.834306149651708351e-01
-6.720413389128143677e-01
-6.389758833389122539e-02
-9.179167597840666437e-02
-6.342748754817930656e-01
-5.085016567998426051e-01
2.593239211588972415e-01
4.050604266162158851e-01
-1.478301441408507999e-01
-4.252113660974544129e-01
-6.917894139000585474e-01
3.760299708752621317e-01
6.663280509337379254e-01
-3.652138625671009359e-02
6.979766013020579640e-01
-1.772086613711805481e-02
9.707720045962708877e-02
-4.113633783487776197e-01
7.316744814043387724e-01
4.835748833020176440e-01
2.260130997194440342e-02
9.589889051288094657e-02
-9.756284002370943509e-02
1.869527579686370566e-01
1.365764443435305842e-01
1.358176229251181200e+00
-3.573992105716211065e-01
-4.797692616347440930e-01
2.072347641153700348e-01
3.315667504616142125e-01
1.764373698125987766e-01
1.232024787167848752e-02
-6.735738537721619457e-01
2.397104339180902710e-01
3.759472236582095395e-01
-8.218830329446754623e-01
-6.137939766511402162e-01
5.587264332111469001e-01
-1.131861773852266828e-01
-2.897926033233162724e-02
2.312843584513762374e-01
1.998052453119617336e-02
1.226935463768741519e+00
-2.217610175227501812e-01
1.054694291576450560e+00
-3.830247288452895416e-01
-3.550387448868875997e-03
-1.539561021336597058e-01
-2.078670073964612730e-01
3.405388200043888425e-01
1.693313123874875537e-01
-2.176612413490791875e-01
9.795652440585969067e-01
-8.613153618439811643e-01
6.341962544055240736e-01
-7.542439971215244565e-01
1.139182373989529040e+00
-4.080491162142899086e-01
-2.605257265167684744e-01
-1.283125487617746252e+00
-3.973470963797107181e-01
3.962162385847776136e-01
-2.856283707246195513e-01
-3.921577131792290394e-01
-5.713846873428968243e-01
2.577454761538546246e-01
-2.718849844456906473e-01
-1.577141630822998242e-01
2.892346878319822512e-01
-4.049488929503881618e-01
7.269708805312128375e-01
1.048448738681897030e+00
7.062401879890380929e-01
-7.309787583251575738e-02
-5.065121312659391917e-01
-2.071070184478374654e-01
6.190507562016877019e-01
3.964145776903323370e-01
3.280467071013348779e-01
1.314340573178928717e-01
-2.875222217719815010e-01
3.884888271573089247e-01
-7.717637796572931475e-01
-2.545847788252051935e-01
1.265899831021054966e+00
5.197119913514267608e-01
1.433190255781780220e-01
-5.614244570679465252e-01
1.339999031587916223e+00
1.761995426225391403e+00
3.744709721117056578e-01
-1.391649064721317774e+00
-3.460773179771145514e-01
-1.546110660967125669e-02
-6.548104316550591442e-01
3.575501394335074967e-01
3.251957266083742998e-02
-4.512777084603373234e-01
-4.275110587179166144e-01
-1.232186939088332212e+00
-2.996330702059055162e-01
-1.108459850508448225e-01
-9.212092340811129931e-01
-8.667305987708903148e-01
-6.726922522637067692e-01
1.221982293847251100e+00
-1.487381137097663897e-01
5.783427697748616536e-01
-6.219939161013526840e-01
-7.408834104141833743e-01
3.565088699617157686e-01
-1.218005437969635063e-01
4.965960688650530308e-01
-1.170191525404841171e+00
5.681329512412257587e-01
-1.695938751476296025e+00
-4.271751725885536977e-01
8.284492224057987686e-01
-1.091344516619426747e-01
-9.494763370676292391e-01
8.103862323211753482e-01
7.134158994994743708e-01
5.011528305548972329e-01
5.066148540526922428e-01
-4.395045246265203431e-01
4.362256972694055768e-01
-4.389659468964761113e-01
-7.132464333027734860e-01
-2.209366270121964904e-01
3.771414311177826439e-01
9.077349061768372751e-01
6.586728053722649134e-01
-1.103130916713433579e-01
-6.288896628090779872e-01
5.035880516497384107e-01
1.123198181172936766e-01
-6.159195011851489321e-01
1.581460446896983674e-01
9.847257530845860210e-03
7.540874428756586534e-01
-3.389757116341871046e-02
1.724331646362612658e-01
1.851897393219238963e-01
9.691513725062068652e-01
5.091814859875133381e-01
-1.062277133998683398e+00
2.603054088244506348e-01
-4.380058362380770398e-01
1.741878003449864529e-02
1.133780016998955587e+00
6.616910367146632277e-01
-5.085111376490448754e-01
-1.592946053906585946e-01
6.292847520110870230e-01
-7.169645536164099831e-01
4.423390453536268363e-01
-2.397388326955114668e-01
-3.171204474313780719e-01
3.642427943594567785e-01
2.457409724907789195e-01
2.837049694519821474e-01
-6.623595133446148475e-01
-3.784375840503876876e-01
-3.505889702643188999e-01
6.930267490076730263e-01
-2.680782233610828902e-01
-1.971883489672381917e-01
7.979256207520609712e-01
7.837451411175291316e-01
5.109691358765470204e-01
-8.385904965377269371e-02
5.184775413581852455e-01
1.214309556223524822e-01
-5.122793879746170287e-01
-5.263357063693705623e-02
9.241311146817262623e-01
-5.368274154160296296e-01
9.486365020118979752e-01
7.266019567063742857e-01
-6.226466064224851077e-02
1.000091362480582724e+00
-5.485402061201123669e-02
6.096568980104519753e-01
-6.118930083683430388e-01
-2.982335799442259461e-01
2.597952795652329061e-01
-4.802368684849221969e-01
6.419218379728427459e-01
6.732449424592878984e-02
4.702594698641905380e-01
-9.681240348727561396e-02
-1.814640794086646580e-01
-1.393659868836143179e-01
9.236763646640950842e-01
4.632820757393246724e-01
2.884693654131017526e-01
7.074330486017006425e-01
-9.564955260407150828e-01
-1.918839592956178008e-01
-4.946755152437349451e-02
4.586284876475337224e-01
1.573775394274217615e-02
4.039043574255794522e-01
-1.145144049484903448e+00
2.892063061021420411e-01
7.112710808173489108e-01
5.964499273341913321e-01
2.282743190643086173e-01
1.041028173866797912e+00
2.106529837435175412e-01
9.488032659176691419e-02
3.971079607366274078e-01
-1.705391465978137733e-01
7.586162949965913338e-01
-9.589765747246379313e-01
-4.391870112535871118e-01
-2.925413376595997206e-01
3.341413738092402497e-01
-4.003370215246521840e-02
-2.345911112121968622e-01
-3.677376517352456964e-01
8.527319848486079046e-01
-3.631762851476636779e-03
-5.779296348978232301e-01
1.305642857095803411e+00
1.241952484769351661e-01
3.531472760616160000e-01
9.091230735441866440e-01
-1.721259502100601912e-01
-7.598842237790774945e-01
-2.050927158420434715e-01
-5.980944877255035541e-01
-3.927243036389817532e-01
5.853172916945296178e-01
3.974244958449054121e-01
-2.308875936098164494e-01
7.254556734979494825e-01
6.876652658029716036e-01
3.255742940664185237e-01
2.709531118172089359e-01
-6.925770179773357293e-01
2.921974556366945253e-01
-4.020662439859317150e-01
-3.140423580289162797e-01
-2.912772689939230886e-01
-8.172403972935532446e-01
5.761597443123250839e-01
8.521905860520401221e-01
-1.447712750058969822e-01
-3.226819403976728395e-01
-3.371882201700791004e-01
-5.706773089575269131e-02
3.531277312009684644e-01
-3.853272891180396509e-01
5.816700912404740853e-01
9.584334909206131126e-02
4.290368792253973496e-01
-1.078079311404458451e-01
1.072576723430585383e-01
-1.927143587659776169e-01
1.300370541093873955e+00
4.216544570867173936e-01
1.160021119999712802e+00
2.688233680933328484e-01
-4.469876067650387780e-02
1.063215519832146488e-01
1.726226079480376041e-01
2.683818616667115187e-01
-4.285452729351221790e-01
-5.246778465298609362e-01
-2.538894229421906901e-01
-1.210294807028223341e+00
7.017044994945131897e-01
-4.832548466044518931e-01
-2.559451814532015534e-01
-4.708110647499423873e-01
1.426592292868402931e-02
5.168265977865847960e-01
-7.146784253248678054e-02
2.247984213318032221e-01
-9.789741768182094184e-01
-6.762555542361240457e-01
1.024746279070673394e+00
-4.526294528117340982e-02
6.704746731635947699e-01
-1.184000896497477140e-01
-5.802479585400840412e-01
6.604144559356492361e-02
6.974281314008755617e-01
-8.613387262048911586e-01
3.210128576532343958e-01
3.208712063438837192e-02
2.741961318404712022e-01
5.444364272881042346e-04
7.691215078865508703e-01
2.382477705190472750e-01
-1.609934418261360856e+00
-3.690859197742359377e-01
5.387310715294690161e-02
-1.646300144851073621e-01
-2.947998875372861982e-01
4.386905644926593628e-01
5.737921828574622518e-01
5.002273764293642122e-01
5.803633259276089751e-01
-1.016041627670770525e-01
6.177614254253350756e-01
-8.736576932053513600e-01
1.203568965928781404e-01
-9.207356160341674256e-01
-6.077728249009560768e-01
-1.752218426199562418e-01
5.696556153661083144e-01
-5.667484317755633327e-01
5.043231783723076123e-02
1.440164540641026836e-01
8.002476515489666264e-02
-3.406637975690830489e-01
-6.279921597534868782e-01
2.764673241846470411e-02
6.295034444625721703e-02
4.734294752230557846e-01
-2.087957509686741986e-01
-4.366723851886739616e-01
-5.511095536673570328e-01
2.721646325583171877e-01
-7.645575861290904163e-01
6.734190109145457015e-01
-3.473861927583931641e-01
-1.024672702579817463e-01
5.722724309950979471e-01
2.812853356693303941e-01
-1.186957500208666527e+00
-5.745353379576486619e-01
-2.261489580606237948e-02
-1.431748696313372704e-01
-9.676363045281227704e-01
8.934763052072411949e-01
1.345274452125662379e-01
7.829521635805946067e-01
-7.386368088047984282e-01
-5.895567800638780165e-01
1.373876586480244244e+00
1.437716410699659830e+00
1.949497085168160893e-01
1.364896011109607565e+00
-8.870810052050055461e-01
-2.798949124270410094e-01
8.762938669270868564e-02
-2.300196717065503826e-01
3.404667517336043558e-01
-6.573729346696842724e-01
2.007145656821126278e-01
-9.964389161668778527e-01
-1.110593606971728153e+00
-5.410926828091866536e-01
4.043962770927688744e-01
4.317048934671040561e-01
6.686578042135982169e-01
5.373242090850460784e-01
-1.676526739321849424e-01
1.046334531998457662e-01
-3.009181198557152048e-01
-1.142125745257005498e+00
1.019649751829330014e-01
-4.081626561867024439e-01
-3.918956169673164514e-01
-3.565220351079197991e-01
-1.922687589996655011e-01
-7.633709318662694754e-01
-3.177643771113324855e-01
-1.681871922303181666e-01
-8.648929127440901921e-01
-9.181325182800742501e-02
8.365122582535042817e-01
-4.504182328844594241e-01
-1.055799058295392223e+00
-7.244106081650178997e-01
-2.925688732459639230e-01
-2.912770500518807038e-01
1.024807344076309468e+00
9.002151781070717451e-01
7.373141638775814188e-01
-7.752825207085602133e-02
6.442794471760744657e-02
-3.520073218933019166e-01
1.292276409024376127e+00
-2.408905137573904565e-01
1.655224185060415742e-01
-1.137850540002893984e+00
1.684135882954591878e-01
-3.374083724443104892e-01
-1.391635782020831824e+00
6.193566344716157079e-01
-1.413363405229968450e-01
-1.738646241237681161e-02
-1.545985310099463883e-02
3.920120873511245135e-02
1.061017102613419194e+00
-3.206254902957050290e-01
7.414053602205603610e-01
8.501598485545587280e-01
-2.664399433969995568e-01
3.252717297010707109e-01
-4.885310889288904113e-01
1.457128443487051006e-01
-3.073308623418669061e-01
1.163840331015167928e-01
7.510792919828973568e-01
-3.804588289670078338e-01
2.076695017083877992e-01
2.654797724394963865e-01
-6.610320195895084128e-01
-3.993684041755533043e-01
2.083144877123088989e-01
1.193385122113240493e-01
7.278362666053188601e-01
-5.943646865178302541e-01
-2.273974342182206454e-01
2.984659089677095811e-01
-2.184294273830442445e-01
9.003340051583237635e-02
8.333425702638855848e-01
-1.299705593115667357e+00
-1.037301097039718296e-02
1.432271402771207125e+00
1.989912592625176987e-02
-4.586742945577141489e-02
-5.731017365867726587e-01
-6.049296495123716866e-02
7.310255353196565276e-01
3.995137736501259973e-02
-2.314687657915579649e-02
-3.765332400496959053e-01
5.094283559895359526e-01
1.391492212905205639e+00
4.144004672139094958e-01
-2.678009298077683731e-01
-1.521356337327745223e+00
-6.552618885171457297e-01
5.563786276263367192e-01
-8.045158410587461839e-01
5.648996411721558530e-01
1.284982108447605409e+00
-5.722484621732727011e-02
9.238075838091070607e-03
-7.166724423689946333e-01
-8.174665359208664606e-02
-8.734523500301282217e-01
6.955692239843572211e-02
-3.587337633321988073e-01
2.023511386528343559e-01
-6.175335028268633120e-02
-1.674368604762682955e-01
3.613479098243870813e-01
1.064635295173335244e-01
1.160633624578784495e+00
4.925564261133670296e-01
3.535348379686885090e-01
-5.922887409736139058e-02
-1.518209440645979402e+00
1.052425845197240833e-01
5.110097760284816326e-01
-8.532840769159323324e-01
-1.486520880768085195e-01
2.841489806963745091e-01
4.039068333878692019e-01
4.804878979271648975e-01
-1.008902968724045418e-01
-2.771520373265778381e-01
-2.610211470193529726e-01
-9.816094026421877672e-01
-7.216703327113843658e-01
3.127029860477331114e-01
2.868422592519291880e-01
-8.961609001879324854e-01
1.209392692737183000e-01
2.882644777830396521e-01
-1.246744223345024327e+00
4.584452999024133391e-01
7.784800381638851130e-01
6.376670232649673808e-01
5.635607876240377179e-01
7.362011003848555335e-01
2.276809501444856942e-01
-2.842137051360495992e-01
-1.106004517601122256e-01
-7.179501015670163022e-02
7.051231493897260061e-02
-9.839071451827110515e-01
1.802580990760973001e-01
-9.815076105400114548e-01
-5.832847216523726619e-01
-4.451191116321005087e-02
7.591606869621579656e-02
-4.936588105057414938e-02
7.774064945911306201e-02
6.684889622721675029e-02
4.416328205844396310e-02
-3.016265543433113150e-01
2.578641109392914021e-01
-6.841522300228650155e-02
3.658589045568725884e-01
8.070433893656857594e-01
6.691703501667126130e-02
-2.198982171907740493e-02
-1.508133136165145695e-02
5.407140628329276666e-01
4.680166141979089089e-01
2.942701236211749949e-01
-9.313529747505556733e-01
2.125459601673239107e-01
-6.289213319974318317e-02
-8.645442667347683768e-03
3.974508522527046561e-01
-7.557461388194578467e-01
1.392936905910406309e-01
-1.032772956836123940e-01
-1.573047611032761875e-02
5.049578579125054700e-01
5.801817382321858285e-02
-9.954611909452660834e-01
1.320046779499277179e+00
-5.916111540252716461e-01
-1.207269821811444599e+00
-2.171424991749598965e-01
-2.818056974466771614e-01
-1.438719984271205274e-02
1.462978864199657281e+00
7.832260079932266139e-01
6.997409515291642679e-01
6.278408016773895373e-02
2.986006426879977624e-02
-5.501915923072835390e-01
-4.703737350646332582e-01
9.001774440542835709e-01
3.016736253669500267e-01
-2.522847979466734739e-02
2.751732473286051112e-02
-1.048551967503218663e+00
1.265179030541253025e-01
2.131918720427632974e-01
4.319300617019875554e-01
2.989945635633861065e-01
6.315344809534867432e-02
8.683102674084897110e-01
-6.217360896797996528e-01
-1.246965853371937577e-01
3.456029538937311907e-01
6.319398026210552854e-02
-8.997451916448205578e-02
1.026058976541701195e+00
-3.602406876291706639e-01
-2.236375003965149558e-02
3.550863712796846205e-01
-1.109599285475114439e+00
-4.173486761804279938e-02
-1.982662305497679300e+00
-5.952436738639586000e-01
-1.485492274423672321e-01
-3.550622612903257119e-02
5.642449324682242695e-01
-2.582263396648304399e-02
7.825023084836272291e-01
1.014644667456156418e-01
1.174892759403246334e+00
3.275717343458872111e-01
-7.095515086153644235e-01
7.791401992151240075e-01
-7.546000999952960919e-01
-2.595013451055242990e-02
-6.989671168201717633e-01
4.013598296699378842e-01
-1.587721365667330353e+00
3.722216962419779285e-01
1.174724207677188825e-01
