1.906454122652242664e-02
7.993567521154767985e-02
8.364769647738133640e-02
4.591712456477299066e-03
-5.619589182706049429e-02
-7.325031051337156651e-02
-2.494693844658050358e-02
5.023717542559610894e-02
-3.780114910462894356e-02
5.536302990185005060e-03
-3.080938859979922076e-02
-4.079207868462414455e-03
3.110426362730299432e-02
-2.315946681979173805e-02
6.101598311907822231e-02
2.136052953580615602e-02
-6.077819430507698864e-03
1.457858018362218240e-02
9.852623763372739610e-03
1.111506382644566159e-02
2.877494988710843204e-03
7.964476009752828600e-02
-1.344677102317764217e-01
-4.198058102247680112e-03
8.098485798272471448e-02
9.373134720105431861e-03
-4.628794649783794790e-02
-1.318948237498027446e-03
6.546583874153571493e-03
-1.811470404216108596e-02
-1.838587046557200316e-02
4.130268589455539374e-02
-1.238901677493980773e-02
-3.461591200658499512e-02
1.148015412705792430e-02
-8.577349309086371165e-02
2.002492559290580242e-03
2.817026287055644437e-02
-1.487747923555715439e-02
7.513654441861343514e-02
2.544049653569104355e-02
-6.347781817798692217e-02
-1.126822908463692534e-02
2.730640958383977537e-02
-5.160079062136487676e-02
-3.204304955857398968e-02
2.559802687332869697e-02
-9.943021249993262006e-03
3.806163194700464686e-02
1.298946946433702024e-02
-5.768573819825206783e-02
1.540685288217048116e-02
2.812426388431496505e-02
-3.257508298961264703e-02
4.104992322168423552e-02
1.564569181136812935e-04
2.692587036684081919e-02
3.816036778268804691e-02
-3.833718171904842986e-02
1.021594867730511030e-01
-6.524516724066203865e-02
2.864218246400224155e-02
-5.663327650344925773e-02
-4.994620848121523321e-02
-3.225560911864806118e-02
-3.668311676245823282e-03
-8.871390712916845181e-03
-5.019900007777229611e-02
-5.070034324737578840e-02
3.675984133579251328e-02
9.666374923207478320e-02
-4.130796282085166110e-02
2.426757249326802132e-02
-3.837396286828022134e-03
-1.605523344189686841e-02
-2.731833066990537167e-03
-2.378479781778622057e-03
2.731558587680478142e-02
2.986943291463032418e-02
1.123220478145418519e-02
-1.570001882356364051e-02
6.321785964441724304e-02
-2.492260209097358833e-02
-2.526174372374290645e-03
-4.850095902880796617e-02
-1.755923184058874251e-02
1.940016146977503048e-02
5.153950484793997505e-02
1.430805218231737466e-02
1.324681414925570587e-02
-5.992105454321799106e-03
3.421471843205066421e-02
-5.089531498741258625e-02
4.920411373245277969e-02
-2.182278205579137736e-02
-2.241265019695658917e-02
9.442468992575696329e-02
-3.572954862789639446e-02
1.547321945946645606e-02
5.528873906909075042e-02
-5.039244937881072472e-02
5.273254848263654593e-02
-1.037846356475592875e-02
9.264372275907109544e-03
8.622594932132698897e-02
5.504884869733494678e-04
4.964427880897986922e-02
-8.757968422552218912e-02
6.694608127819824672e-02
1.051779140967644324e-03
-1.560727069027010444e-02
1.907339704525009422e-02
-3.441024773791949432e-02
6.109261394416948265e-02
-2.141081963430229232e-02
8.852827142262072527e-03
-4.794106277751670336e-02
-6.742275744992450373e-03
-1.513458799564270686e-02
8.752329433418332139e-03
2.785635227113587853e-02
-2.749623505528251896e-02
-2.827202037758863931e-02
7.510030504676599994e-02
-2.023817478497310848e-02
6.911455119242093138e-03
7.434888385226032237e-02
6.826304971619913398e-02
-1.106022668641229272e-02
-6.406890551847571613e-02
-5.962389432827938651e-03
4.488057106893802994e-02
1.994640177066199505e-02
5.085250017367910422e-03
-5.737762105898162879e-02
-1.900361924503606026e-02
-3.078475419277463404e-02
4.617116144832834890e-02
-1.043516064802363537e-02
8.672506460338839929e-02
5.113818314244757829e-02
-1.565771992313424316e-02
6.058376461105417776e-02
3.804968906885977664e-02
-2.414248468191347585e-02
-6.657161175523445586e-03
-3.184006769633612993e-03
-4.647706476259133405e-03
6.160951362644007286e-03
3.588137506870862220e-02
5.685311348590249558e-02
5.870963086000630105e-03
1.981790949356584952e-02
-7.943328018370593435e-02
-4.671962461432187935e-02
1.066286470236254592e-02
-2.874718905161539970e-03
3.931239722992464769e-02
-5.502786253114491655e-02
-4.017145020058889189e-03
2.900885689707261711e-02
-1.808277744446827942e-02
1.726362069024044849e-02
-1.168156846131113147e-02
-3.517575741151277025e-02
8.069528167406221988e-03
1.871709471063239330e-02
1.755465807802978825e-02
-4.008680881386506023e-02
-1.455294103863656076e-02
4.033089618633166340e-02
7.787287810802408228e-02
-1.207014224023251689e-02
4.480979740632131531e-02
4.418106328694260815e-02
8.734856652652016329e-02
-1.704383148901731943e-03
3.274305231197149196e-02
7.096024855293820398e-03
-2.210077404253003863e-02
5.325847188247362363e-02
-7.970549082920613468e-03
5.593063656702020048e-02
1.443279939587983896e-02
2.890746277814229982e-03
4.085578318288737854e-02
-4.183069145254807164e-02
2.655954816429746679e-02
5.439139052120799123e-02
-2.926279345716353494e-02
4.593355162589177719e-03
-1.352032276698581989e-02
-3.904979612615866458e-02
-8.939915315001635554e-02
2.319718341447487425e-02
-1.567736800651229473e-03
-2.599792205100459608e-02
9.540578676879940198e-03
4.255120685665805813e-02
3.090109016322653904e-02
3.164250896560431153e-02
2.406538374650235568e-02
3.148402827234058482e-02
5.559867303062099309e-02
-9.425061491485345680e-03
6.574705964918887979e-02
-3.915094914859459062e-03
-6.204395980445902986e-03
-4.416448970847801359e-02
2.476770318258143463e-02
1.493142778211875056e-02
-1.342900816694580189e-03
-4.355094898023501027e-02
9.346558057530436614e-03
-2.848115271871781359e-02
-6.387850400180478637e-03
-1.789761927839470792e-03
2.581613451411598342e-02
-3.320951333676189915e-02
-1.101196534174874071e-02
5.846300033177210392e-02
3.180968199695770326e-02
3.498750466174171264e-02
8.837152593092874320e-02
-1.680009183264898065e-02
4.050051198449441947e-02
-9.610613327251877128e-03
-2.179016956537747213e-02
1.315982658502879571e-02
8.626549350638829453e-03
9.033210235132503596e-03
4.712795845045616994e-02
-1.064620536104541812e-02
4.722983774697434717e-02
-1.551052108195172079e-02
4.032851318446381735e-03
4.330253271279418253e-02
-5.049698650866091265e-02
-1.166666679826665678e-02
6.334757475840593899e-02
-3.453683645758908599e-02
-2.360710831206582969e-02
-1.114826422160322726e-03
-2.575991307518430903e-02
-8.381174620987034279e-03
-8.107374783162752188e-03
-5.535465165416484506e-02
-2.031063715753781210e-02
9.627632510180783587e-03
-4.348668785393543929e-02
-4.429084613270346804e-02
2.767839545614827340e-02
3.636487542516147337e-02
7.146383570384716097e-03
-6.889346091422925145e-02
9.681786999429911611e-02
-5.975425767311108582e-02
5.548341094942895596e-02
-7.120890467714449668e-02
-9.582197760103711506e-03
-1.587532862800177316e-02
-3.162450999413591451e-02
7.046207755520628169e-02
-1.867315647393207392e-02
-2.964165103782025017e-03
5.913263160153774817e-02
-4.404071076838039084e-02
3.656403639767850239e-02
-5.273560374884640745e-03
5.528785701383481278e-03
2.415449171015947999e-03
-7.511856608788239353e-02
-1.018100870825772684e-02
-5.968211744790765522e-02
1.932286949583050459e-02
-1.034647165578808786e-01
1.978421075385642866e-02
-3.091523961734568907e-02
6.044767922495117990e-02
-5.856098456172877109e-02
1.625670253101822033e-02
-6.589050066633261871e-02
-4.771541750274869986e-02
-3.383254192251119574e-03
4.835762766531290224e-02
5.454772746658653054e-02
-3.115369967185776124e-03
5.883441429444787735e-02
-3.816930460016378351e-03
-3.304270786808211069e-02
4.253499811320002322e-02
-5.084452737209736034e-02
-3.644582362595274929e-03
1.314561947093707307e-02
6.597720724800072711e-02
-7.559449507201200730e-04
-2.213155926276193924e-02
-4.046465696148403984e-02
2.563026482777027576e-02
-3.864326718622929785e-03
3.013031004635563417e-03
6.489751685132895713e-04
1.397987946256910689e-02
2.892282100976246648e-02
-7.768031606540500879e-03
3.200428012559849295e-02
-3.870867423125776141e-02
-1.840360226450541217e-02
9.561570126895529813e-04
-8.543266833920416803e-02
1.378352928488222988e-02
-3.296173293831367035e-02
-2.502411632591466928e-02
-4.722344362994269212e-02
4.853383228085734503e-03
-1.262768122267451595e-02
2.841681177297249172e-02
2.881337632375513200e-02
4.938979822125411090e-02
-1.126697601601100857e-01
2.565233858011206343e-04
-8.883136134404731599e-02
-1.682278694989385384e-02
-6.544075428324147570e-02
-7.717933418480609278e-04
-2.585265920074347051e-02
-4.329591746514126899e-02
-5.003477140572275966e-02
3.983914671915678163e-02
-8.003752283350920593e-02
-2.027566117325712365e-04
-4.548906517104466668e-02
5.150425689667209594e-02
-6.240424624974970358e-02
3.085356671229343845e-02
2.224650864329761474e-02
4.609528369587392177e-02
-3.241316996808827483e-02
-6.943782882584483007e-02
-6.678260025820799591e-03
1.349815933215447062e-03
-1.648396343356473351e-02
1.338783282875912958e-02
-1.993689607995674865e-02
-1.113570588344553886e-01
-1.358511109261870652e-02
1.240742514495607636e-02
-9.037078540206378366e-03
5.754132346187838809e-02
-5.904024728469097448e-03
6.609622021143138348e-02
-2.045602522469223278e-02
-1.848885082129371428e-03
4.499688638655772316e-02
-2.381380448097470542e-02
-8.216185479161865202e-02
4.593856288581301545e-02
-3.434766795423314228e-02
7.060186774947160848e-02
-2.965719087427385464e-02
2.665743851060736053e-02
3.250138985756161752e-02
1.173966882932199474e-02
5.682013687477477371e-02
-6.248637586953189639e-03
-2.591389087929119039e-02
4.091789440913777033e-03
-2.555027467909980893e-02
2.132327479166879966e-02
-2.473210542646582868e-02
4.952499336145686770e-02
-1.707476735933451464e-02
7.454158078551642586e-02
2.614150661690690589e-02
-5.880430576423418404e-03
-3.378233155310700342e-02
2.766687730814278764e-03
-2.770337473875331483e-02
-1.831134699897882245e-02
4.173070305165866439e-02
-1.103677412091909164e-02
2.716348801449191414e-02
2.657199269522691337e-03
6.668128183632642675e-03
6.186878466503335783e-02
4.510907931481713574e-03
-1.712567180456472243e-02
7.563612378396376845e-02
5.047191168372823500e-02
1.235700887245899660e-02
-1.159479105142692881e-03
4.449628069682044773e-02
-2.976748226514604537e-02
-1.604218065433897500e-02
-1.197425946972203135e-02
-4.769855375255346863e-02
-1.368693299309337724e-02
3.658503691487206139e-02
-4.799318575538154275e-02
1.844485532644253882e-03
1.916593082904643683e-02
-2.200534201322381853e-02
3.708593677445704700e-02
-6.441980099812434635e-02
3.078339972962306284e-02
-4.142315024464867518e-02
8.684731561250830234e-02
5.821290396757868024e-02
5.184428622202152254e-02
7.558906822282315807e-03
-5.648355008793343179e-02
4.666974224063993870e-02
-3.011567913015007758e-02
1.869345942144424663e-02
4.726076422023209843e-03
-3.704863669467160781e-02
-2.363241140462784065e-02
-7.966284086781577276e-03
-1.529631677810275661e-02
-1.744952791615455787e-02
3.490329960455614000e-02
5.626056857489914603e-02
-3.458932900270912658e-02
4.253691952818663968e-02
-9.892190238976492078e-02
3.921324505289530173e-03
-3.072850065370540812e-02
3.441715155584065084e-04
4.099258891050682613e-02
1.265344581627307965e-02
3.914504607968743999e-02
2.104097146446580816e-02
1.518936778539346950e-02
9.636224345573122727e-03
-9.472648645972230746e-03
1.152796103096607322e-02
-4.835912422992912074e-02
4.191691877284881712e-02
-1.845179158102488309e-02
-2.297349490864903851e-02
-8.307871013534630367e-02
-4.920719920686155574e-02
2.094547759516678705e-03
-6.982148504791055831e-03
4.678375882765083843e-02
4.843551152586378361e-02
3.426566199829433196e-02
-9.233114178798954106e-04
5.712822053318120097e-02
7.053885571563307810e-02
5.731519737359741518e-02
-4.411311171178512736e-02
-6.077973092229693730e-02
3.487630946711191976e-02
-4.226360441683523622e-02
6.630738613400101455e-02
6.595559835427318440e-02
-5.030433178689046325e-02
-2.749547334951935387e-02
-1.581281674254340864e-03
1.909462779257212889e-02
-6.935682817228962238e-02
5.022997592922100879e-02
2.230916462209379600e-02
-1.867476937775020690e-02
2.858271939423382216e-02
5.940005181392733757e-02
-4.336849458215395053e-02
-3.688664265259401775e-02
1.609223833730762804e-02
4.325476692542130214e-02
-1.385193886690872650e-02
-3.026571691572562534e-02
1.012953956466649576e-02
-1.405498491167069160e-02
1.104819437690621881e-02
-2.869580089203550149e-02
-3.843026593459006324e-02
-4.444624414883643210e-02
2.669615387095574527e-04
-3.894716755098778099e-02
-1.823911984709128062e-02
-5.792889148524871246e-02
4.590227632444362355e-02
-2.158303273523096491e-02
-1.563091090229270716e-02
-6.623094738688743710e-02
2.104366968549246648e-04
1.013678475507533323e-02
-4.873264653209417180e-02
-5.701767562835409475e-02
5.226717919039370469e-02
-7.946247437973701089e-02
5.476852411502561996e-02
5.188170447060705404e-02
2.530111757891946589e-02
-2.853883135466324036e-02
1.736432235080601072e-02
2.128269003328504827e-02
4.727054588605349855e-04
-5.713118525488117272e-02
5.418437302161711183e-02
-5.070544725293375798e-02
-5.117949096775007388e-03
1.708983366462018746e-02
-1.266043219683000206e-03
6.542989081372450888e-02
1.466720374297884009e-02
-2.350759661683319256e-03
-1.025011788942539921e-02
-2.182200733247795579e-02
-1.071474039850966870e-01
-3.174935954980791925e-02
2.395922601538733737e-02
2.914153780164102994e-02
2.758603316131977984e-02
-1.574727295881436437e-02
-3.474446775976823554e-02
-6.824962673376455680e-03
-2.995467155353799885e-02
4.301810473355460740e-02
2.980698597469553721e-02
7.813185435137023904e-03
4.167814450272618737e-02
-1.167680557623898274e-01
2.405117425384517907e-02
2.594115853004001077e-02
3.495287222714193315e-02
-1.614891857267291772e-02
4.151949678920251185e-02
2.664446267974220073e-02
4.364568577782967224e-02
2.214332217516750388e-04
9.854305967577343603e-03
-1.878104021602841969e-02
-3.572908002391227134e-02
-5.454733868136605462e-02
-5.480903877718684009e-02
2.608274315536130220e-02
-2.965284399716609093e-02
-3.117664222965763759e-02
-3.575375687882056258e-02
-2.401204435923200500e-02
1.251843099183397034e-01
4.457364445455689467e-02
5.945376724737080204e-02
3.494484531457304338e-02
2.519790515651105720e-02
-2.824584480063253855e-02
1.039146322896944696e-01
3.746086022555719479e-03
1.145038014672739857e-01
-4.012006076477068334e-02
3.977330524111729985e-03
5.438153177317010811e-02
-2.164638832745725133e-02
2.937174064192013545e-02
-1.295070983996651597e-02
3.629742340814411019e-03
1.166719766085992649e-02
4.312429099164864776e-02
2.682980239095754740e-02
-2.007535223042195005e-02
-4.525011596516587825e-02
-6.994608861246547418e-03
-3.169359246537042235e-02
-1.211309687658728611e-03
-6.625820939485567614e-03
1.793240099702029383e-02
-1.224861589857178384e-02
-1.785817261911679804e-02
-7.452162668912352961e-02
-2.107984951476431570e-02
2.273674341446100394e-02
3.922907674938583972e-02
4.071700722811358308e-02
-2.884377936835048548e-02
1.942037736896740086e-02
3.362905777077914576e-02
1.170200572282191140e-02
3.483780799869400091e-02
8.001883527320305389e-02
-2.473782057453977664e-03
4.507206546423140822e-03
-3.557322958059727647e-02
8.967991153810660199e-03
2.093238422454269873e-02
2.085153324744625641e-02
3.170846762191359240e-03
2.016570092904993589e-02
3.115620273176071542e-02
-5.753197420221685399e-02
-1.898708903845994916e-02
-8.098553558502891809e-04
-2.488503898068043525e-03
8.365378884117997266e-03
-2.687997644681002635e-02
-4.193522755345548830e-02
-1.076392717622233833e-02
1.114422505136471392e-03
2.200850185007912491e-02
8.287751123193236313e-02
7.426098905390860275e-03
1.382451633229063101e-02
-1.072781680918709736e-03
2.564551032651098822e-02
-1.834923225643868630e-02
-5.301488417270720094e-02
-2.255595416130808106e-02
6.488833106107674831e-02
-2.604738936227669194e-02
-4.934767822581041102e-03
-6.278390281512166715e-02
1.464161693660078964e-02
-2.561010281216106327e-02
6.532312937047873858e-02
3.519591345159091278e-02
-1.657749345967349588e-02
-5.526039431719118739e-02
8.391414628927705566e-02
9.139668461143120315e-02
6.110130126076387252e-02
3.117915634760838953e-02
-1.293332323895666353e-02
5.609620510451159697e-02
